time,tags,block/allocation,block/capacity,block/physical,cpu,cpu/system,cpu/user,cpu/virt,disk-io/all/io,disk-io/all/ioBytes,general/cpu,general/maxMem,general/mem,mem/available,mem/percent,mem/used,net-io/bytes,net-io/dropped,net-io/errors,net-io/packets,net-io/rx_bytes,net-io/rx_packets,net-io/tx_bytes,net-io/tx_packets
2019-11-05 21:48:33.355935042,RCA=wally178-instance-000002fb anomaly=mem_leak_vod component=wally178-instance-000002fb group=backend host=vod-video-2 index=0 injected=wally178-instance-000002fb layer=virtual node=wally178 target=wally178-instance-000002fb|mem_leak_vod vm=instance-000002fb,1.5215648768e+10,1.7179869184e+10,1.7179869184e+10,53.992161265723006,37.96548751154312,2.997275183125571,0,57.99034118676228,855920.94907586,38.98207089816766,2.097152e+06,2.097152e+06,2.047976e+06,96.58257713957585,1.977988e+06,1.596868849413046e+07,0,0,14422.057744371456,433405.6499221255,6433.657769190908,1.553528415174212e+07,7988.399406150376
2019-11-05 21:48:33.855986979,RCA=wally178-instance-000002fb anomaly=mem_leak_vod component=wally178-instance-000002fb group=backend host=vod-video-2 index=0 injected=wally178-instance-000002fb layer=virtual node=wally178 target=wally178-instance-000002fb|mem_leak_vod vm=instance-000002fb,1.5215796224e+10,1.7179869184e+10,1.7179869184e+10,57.37119891552839,34.65671900998235,5.331802778918546,0,239.96357137019388,3.9274697227738383e+06,44.99955076948467,2.097152e+06,2.097152e+06,2.047976e+06,96.58257713957585,1.977988e+06,1.7084703065958362e+07,0,0,14733.116786650751,442393.0295312805,6609.8730564040125,1.6642304104215303e+07,8123.2402226734785
2019-11-05 21:48:34.356074263,RCA=wally178-instance-000002fb anomaly=mem_leak_vod component=wally178-instance-000002fb group=backend host=vod-video-2 index=0 injected=wally178-instance-000002fb layer=virtual node=wally178 target=wally178-instance-000002fb|mem_leak_vod vm=instance-000002fb,1.5215796224e+10,1.7179869184e+10,1.7179869184e+10,63.18303923981028,28.902955379212848,8.96988288269097,0,342.94348017091994,5.22154328572848e+06,46.949134837825355,2.097152e+06,2.097152e+06,2.047976e+06,96.58257713957585,1.977988e+06,1.8199935820840616e+07,0,0,15065.291622902918,451297.58982149046,6700.113513682084,1.774862255627708e+07,8365.170008834746
2019-11-05 21:48:34.856132749,RCA=wally178-instance-000002fb anomaly=mem_leak_vod component=wally178-instance-000002fb group=backend host=vod-video-2 index=0 injected=wally178-instance-000002fb layer=virtual node=wally178 target=wally178-instance-000002fb|mem_leak_vod vm=instance-000002fb,1.5215796224e+10,1.7179869184e+10,1.7179869184e+10,61.325331121032235,31.418606867472672,6.684809676870593,0,242.96207240568708,2.686557592833935e+06,45.35667835520719,2.097152e+06,2.097152e+06,2.047976e+06,96.58257713957585,1.977988e+06,1.8221394716890525e+07,0,0,15120.148469777876,452241.1049608707,6712.065881163979,1.7769153384828847e+07,8408.082998989978
2019-11-05 21:48:35.356214922,RCA=wally178-instance-000002fb anomaly=mem_leak_vod component=wally178-instance-000002fb group=backend host=vod-video-2 index=0 injected=wally178-instance-000002fb layer=virtual node=wally178 target=wally178-instance-000002fb|mem_leak_vod vm=instance-000002fb,1.5215796224e+10,1.7179869184e+10,1.7179869184e+10,59.94804613123558,32.65006245563814,5.996950055149085,0,210.96968682054919,1.6463545857906013e+06,42.840872889918636,2.097152e+06,2.097152e+06,2.047976e+06,96.58257713957585,1.977988e+06,1.781667109844217e+07,0,0,15046.658314402051,446018.3244986518,6655.765694769634,1.7370653408689156e+07,8390.892809686577
2019-11-05 21:48:35.856274283,RCA=wally178-instance-000002fb anomaly=mem_leak_vod component=wally178-instance-000002fb group=backend host=vod-video-2 index=0 injected=wally178-instance-000002fb layer=virtual node=wally178 target=wally178-instance-000002fb|mem_leak_vod vm=instance-000002fb,1.5215796224e+10,1.7179869184e+10,1.7179869184e+10,59.34030784896242,34.84285239430256,3.9820404440935167,0,158.97750770323265,1.6463587060322792e+06,43.98305152694156,2.097152e+06,2.097152e+06,2.047976e+06,96.58257713957585,1.977988e+06,1.9342995703547254e+07,0,0,15186.187814888111,456671.6076524268,6780.158138387605,1.8886332460869417e+07,8406.0332191397
2019-11-05 21:48:36.356359201,RCA=wally178-instance-000002fb anomaly=mem_leak_vod component=wally178-instance-000002fb group=backend host=vod-video-2 index=0 injected=wally178-instance-000002fb layer=virtual node=wally178 target=wally178-instance-000002fb|mem_leak_vod vm=instance-000002fb,1.5215796224e+10,1.7179869184e+10,1.7179869184e+10,58.58678625751641,36.562133114990125,4.653362337678739,0,116.98217987057595,1.187659333262224e+06,43.260304402183486,2.097152e+06,2.097152e+06,2.047976e+06,96.58257713957585,1.977988e+06,1.896614667412975e+07,0,0,15025.983027898063,449651.81260178273,6714.034097294099,1.85164901112456e+07,8311.945947298942
2019-11-05 21:48:36.856426997,RCA=wally178-instance-000002fb anomaly=mem_leak_vod component=wally178-instance-000002fb group=backend host=vod-video-2 index=0 injected=wally178-instance-000002fb layer=virtual node=wally178 target=wally178-instance-000002fb|mem_leak_vod vm=instance-000002fb,1.5215796224e+10,1.7179869184e+10,1.7179869184e+10,58.98306247954932,38.71329484302262,4.004823871760835,0,238.9642746019827,1.634059567565526e+06,42.98153766732884,2.097152e+06,2.097152e+06,2.047976e+06,96.58257713957585,1.977988e+06,1.9220964876411106e+07,0,0,15141.37199374296,454678.0373438461,6755.813906228762,1.8766287721879732e+07,8385.558489916746
2019-11-05 21:48:37.356510622,RCA=wally178-instance-000002fb anomaly=mem_leak_vod component=wally178-instance-000002fb group=backend host=vod-video-2 index=0 injected=wally178-instance-000002fb layer=virtual node=wally178 target=wally178-instance-000002fb|mem_leak_vod vm=instance-000002fb,1.5215796224e+10,1.7179869184e+10,1.7179869184e+10,61.27770277798243,36.92476733739029,7.983733629737162,0,290.95579595878735,2.1910269266596898e+06,43.31824117147271,2.097152e+06,2.097152e+06,2.047976e+06,96.58257713957585,1.977988e+06,1.7705127615023125e+07,0,0,15024.639986714707,446542.5653189734,6667.259563533566,1.725858636703784e+07,8357.383001477603
2019-11-05 21:48:37.856584503,RCA=wally178-instance-000002fb anomaly=mem_leak_vod component=wally178-instance-000002fb group=backend host=vod-video-2 index=0 injected=wally178-instance-000002fb layer=virtual node=wally178 target=wally178-instance-000002fb|mem_leak_vod vm=instance-000002fb,1.5215796224e+10,1.7179869184e+10,1.7179869184e+10,60.66763838925604,35.85780390642984,6.972350710969905,0,262.9576866897617,2.44901425483515e+06,44.77851855135315,2.097152e+06,2.097152e+06,2.047976e+06,96.58257713957585,1.977988e+06,1.838920107317577e+07,0,0,15023.984369939672,445613.845991326,6621.869013812231,1.7943576221380513e+07,8402.111282204201
2019-11-05 21:48:38.356642452,RCA=wally178-instance-000002fb anomaly=mem_leak_vod component=wally178-instance-000002fb group=backend host=vod-video-2 index=0 injected=wally178-instance-000002fb layer=virtual node=wally178 target=wally178-instance-000002fb|mem_leak_vod vm=instance-000002fb,1.5215796224e+10,1.7179869184e+10,1.7179869184e+10,62.36789737700534,36.596265576663974,7.319252448124596,0,271.9674163997434,2.7398958536331938e+06,46.83767322393992,2.097152e+06,2.097152e+06,2.047976e+06,96.58257713957585,1.977988e+06,1.8966671957797788e+07,0,0,15278.979405845634,450492.34413922677,6699.5199724090735,1.8516175989214003e+07,8579.454710753418
2019-11-05 21:48:38.856781685,RCA=wally178-instance-000002fb anomaly=mem_leak_vod component=wally178-instance-000002fb group=backend host=vod-video-2 index=0 injected=wally178-instance-000002fb layer=virtual node=wally178 target=wally178-instance-000002fb|mem_leak_vod vm=instance-000002fb,1.5215796224e+10,1.7179869184e+10,1.7179869184e+10,63.08373575519389,36.73345604867864,5.343048213199923,0,274.9589909663333,2.989631609072008e+06,47.26711299035329,2.097152e+06,2.097152e+06,2.047976e+06,96.6515232600382,1.9794e+06,1.9167572146522388e+07,0,0,15649.589850116541,464125.93609400094,6902.06072100638,1.8703455092732146e+07,8747.533081451333
2019-11-05 21:48:39.356804222,RCA=wally178-instance-000002fb anomaly=mem_leak_vod component=wally178-instance-000002fb group=backend host=vod-video-2 index=0 injected=wally178-instance-000002fb layer=virtual node=wally178 target=wally178-instance-000002fb|mem_leak_vod vm=instance-000002fb,1.5215796224e+10,1.7179869184e+10,1.7179869184e+10,62.48819666987397,37.376147386237655,4.00458739635795,0,177.97004497188055,2.2769938543984103e+06,45.82898510911465,2.097152e+06,2.097152e+06,2.047976e+06,96.6515232600382,1.9794e+06,1.878558695491991e+07,0,0,15679.387673093956,468708.4810149367,6965.175315085857,1.831687126642421e+07,8714.210534313648
2019-11-05 21:48:39.856879037,RCA=wally178-instance-000002fb anomaly=mem_leak_vod component=wally178-instance-000002fb group=backend host=vod-video-2 index=0 injected=wally178-instance-000002fb layer=virtual node=wally178 target=wally178-instance-000002fb|mem_leak_vod vm=instance-000002fb,1.5215796224e+10,1.7179869184e+10,1.7179869184e+10,59.92632620427983,36.75385256304979,2.0047557283163457,0,51.992728193049466,917376.5020963621,44.1051092380978,2.097152e+06,2.097152e+06,2.047976e+06,96.6515232600382,1.9794e+06,1.904024418305514e+07,0,0,15962.178845882272,478106.0479683493,7076.2382387294,1.8562137123001233e+07,8885.940758863328
2019-11-05 21:48:40.35705379,RCA=wally178-instance-000002fb anomaly=mem_leak_vod component=wally178-instance-000002fb group=backend host=vod-video-2 index=0 injected=wally178-instance-000002fb layer=virtual node=wally178 target=wally178-instance-000002fb|mem_leak_vod vm=instance-000002fb,1.5215796224e+10,1.7179869184e+10,1.7179869184e+10,58.575718392732234,39.91776804063218,1.9958881211899278,0,2.9994747439807328,393146.9170100369,42.056166851954124,2.097152e+06,2.097152e+06,2.047976e+06,96.6515232600382,1.9794e+06,1.9254080277701378e+07,0,0,16173.052924478608,485928.40955659864,7197.095356181569,1.8768152475076266e+07,8975.957040421772
2019-11-05 21:48:40.85710792,RCA=wally178-instance-000002fb anomaly=mem_leak_vod component=wally178-instance-000002fb group=backend host=vod-video-2 index=0 injected=wally178-instance-000002fb layer=virtual node=wally178 target=wally178-instance-000002fb|mem_leak_vod vm=instance-000002fb,1.5215828992e+10,1.7179869184e+10,1.7179869184e+10,60.77883474545032,33.86037390393572,2.9876799343062563,0,9.998189357901852,475049.7908142618,42.81051995371653,2.097152e+06,2.097152e+06,2.047976e+06,96.6515232600382,1.9794e+06,2.1539768321617328e+07,0,0,16739.0185550903,499033.1317517468,7431.174161272556,2.1040733721751317e+07,9307.84327186652
2019-11-05 21:48:41.357173769,RCA=wally178-instance-000002fb anomaly=mem_leak_vod component=wally178-instance-000002fb group=backend host=vod-video-2 index=0 injected=wally178-instance-000002fb layer=virtual node=wally178 target=wally178-instance-000002fb|mem_leak_vod vm=instance-000002fb,1.5215828992e+10,1.7179869184e+10,1.7179869184e+10,60.70989233350166,31.93498796503033,1.99593676374945,0,7.998797988631058,212960.0659992232,41.7941228612854,2.097152e+06,2.097152e+06,2.047976e+06,96.6515232600382,1.9794e+06,2.2035248248504624e+07,0,0,17086.9954679355,505878.29794592364,7534.110211609468,2.1529369970962867e+07,9552.885545592428
2019-11-05 21:48:41.857269117,RCA=wally178-instance-000002fb anomaly=mem_leak_vod component=wally178-instance-000002fb group=backend host=vod-video-2 index=0 injected=wally178-instance-000002fb layer=virtual node=wally178 target=wally178-instance-000002fb|mem_leak_vod vm=instance-000002fb,1.5215828992e+10,1.7179869184e+10,1.7179869184e+10,58.238517132026935,39.90664618305076,0.9976661456182293,0,0.9998451509819319,4095.3650505072046,41.23617093545604,2.097152e+06,2.097152e+06,2.047976e+06,96.6515232600382,1.9794e+06,2.0393277202358235e+07,0,0,16674.716538435947,487830.8985909633,7319.291517997763,1.9905429614042442e+07,9355.426126172408
2019-11-05 21:48:42.357294206,RCA=wally178-instance-000002fb anomaly=mem_leak_vod component=wally178-instance-000002fb group=backend host=vod-video-2 index=0 injected=wally178-instance-000002fb layer=virtual node=wally178 target=wally178-instance-000002fb|mem_leak_vod vm=instance-000002fb,1.5215828992e+10,1.7179869184e+10,1.7179869184e+10,57.43695005884176,38.98300796953721,0.999564372853716,0,0.9998313904339798,4095.3102719393105,40.037744141931014,2.097152e+06,2.097152e+06,2.047976e+06,96.6515232600382,1.9794e+06,2.0152904647355277e+07,0,0,16527.4132474803,480695.5428094181,7227.821311089946,1.9672210901436828e+07,9299.59282456802
2019-11-05 21:48:42.857437775,RCA=wally178-instance-000002fb anomaly=mem_leak_vod component=wally178-instance-000002fb group=backend host=vod-video-2 index=0 injected=wally178-instance-000002fb layer=virtual node=wally178 target=wally178-instance-000002fb|mem_leak_vod vm=instance-000002fb,1.5215828992e+10,1.7179869184e+10,1.7179869184e+10,56.7884111591645,36.723990637094396,1.335417836890535,0,0,0,40.091361370303915,2.097152e+06,2.097152e+06,2.047976e+06,96.6515232600382,1.9794e+06,1.9832523064276833e+07,0,0,16105.238920487238,463191.27894565376,6992.510076268533,1.936933252978173e+07,9112.729518976592
2019-11-05 21:48:43.357467338,RCA=wally178-instance-000002fb anomaly=mem_leak_vod component=wally178-instance-000002fb group=backend host=vod-video-2 index=0 injected=wally178-instance-000002fb layer=virtual node=wally178 target=wally178-instance-000002fb|mem_leak_vod vm=instance-000002fb,1.5215828992e+10,1.7179869184e+10,1.7179869184e+10,56.93849502903943,34.104959080191335,1.3374493971590284,0,0,0,40.05482009491043,2.097152e+06,2.097152e+06,2.047976e+06,96.6515232600382,1.9794e+06,2.0191643382367358e+07,0,0,15986.753989768567,461559.1873395174,6929.954935742264,1.9730093928465426e+07,9056.798574646788
2019-11-05 21:48:43.857619773,RCA=wally178-instance-000002fb anomaly=mem_leak_vod component=wally178-instance-000002fb group=backend host=vod-video-2 index=0 injected=wally178-instance-000002fb layer=virtual node=wally178 target=wally178-instance-000002fb|mem_leak_vod vm=instance-000002fb,1.5215828992e+10,1.7179869184e+10,1.7179869184e+10,57.00071804471199,33.8906770130624,3.987138444304761,0,0,0,39.65577954548725,2.097152e+06,2.097152e+06,2.047976e+06,96.6515232600382,1.9794e+06,2.0534637827953912e+07,0,0,15886.742689601684,458543.2632408671,6870.638793864496,2.0076091201982815e+07,9016.100736364102
2019-11-05 21:48:44.357678273,RCA=wally178-instance-000002fb anomaly=mem_leak_vod component=wally178-instance-000002fb group=backend host=vod-video-2 index=0 injected=wally178-instance-000002fb layer=virtual node=wally178 target=wally178-instance-000002fb|mem_leak_vod vm=instance-000002fb,1.5215828992e+10,1.7179869184e+10,1.7179869184e+10,56.521317131844185,32.910713267815126,2.9918830392657703,0,6.998750401110884,917340.0309735036,40.0039581783073,2.097152e+06,2.097152e+06,2.047976e+06,96.6515232600382,1.9794e+06,2.049880922886566e+07,0,0,15884.210601109777,458250.5611907503,6848.5017566520155,2.004055750957702e+07,9035.709110423342
2019-11-05 21:48:44.857739183,RCA=wally178-instance-000002fb anomaly=mem_leak_vod component=wally178-instance-000002fb group=backend host=vod-video-2 index=0 injected=wally178-instance-000002fb layer=virtual node=wally178 target=wally178-instance-000002fb|mem_leak_vod vm=instance-000002fb,1.5215828992e+10,1.7179869184e+10,1.7179869184e+10,56.92965394913099,34.62564748570778,3.3293894894764233,0,13.997734508662976,1.8347115656523376e+06,39.9038681233556,2.097152e+06,2.097152e+06,2.047976e+06,96.6515232600382,1.9794e+06,2.0062719621346187e+07,0,0,15703.543623677924,451118.1279022622,6773.267280971674,1.96116088371242e+07,8930.279346283509
2019-11-05 21:48:45.357801251,RCA=wally178-instance-000002fb anomaly=mem_leak_vod component=wally178-instance-000002fb group=backend host=vod-video-2 index=0 injected=wally178-instance-000002fb layer=virtual node=wally178 target=wally178-instance-000002fb|mem_leak_vod vm=instance-000002fb,1.5215828992e+10,1.7179869184e+10,1.7179869184e+10,58.219857516565895,31.980213074645604,2.9981449367962414,0,12.997986767825505,1.7036725917732408e+06,40.91449690315222,2.097152e+06,2.097152e+06,2.047976e+06,96.6515232600382,1.9794e+06,2.0096380529607326e+07,0,0,15671.506234851677,461551.7518317657,6822.786679978345,1.963482994323381e+07,8848.720936348282
2019-11-05 21:48:45.857890973,RCA=wally178-instance-000002fb anomaly=mem_leak_vod component=wally178-instance-000002fb group=backend host=vod-video-2 index=0 injected=wally178-instance-000002fb layer=virtual node=wally178 target=wally178-instance-000002fb|mem_leak_vod vm=instance-000002fb,1.5215828992e+10,1.7179869184e+10,1.7179869184e+10,57.836350706529274,29.953376999585977,2.9953370091110663,0,11.998094498626012,1.5726139245063388e+06,40.662136335408995,2.097152e+06,2.097152e+06,2.047976e+06,96.6515232600382,1.9794e+06,1.9813943838102203e+07,0,0,15605.796444664411,468048.1805938684,6851.786441920198,1.9345889547853347e+07,8754.005814257845
2019-11-05 21:48:46.358049413,RCA=wally178-instance-000002fb anomaly=mem_leak_vod component=wally178-instance-000002fb group=backend host=vod-video-2 index=0 injected=wally178-instance-000002fb layer=virtual node=wally178 target=wally178-instance-000002fb|mem_leak_vod vm=instance-000002fb,1.5215828992e+10,1.7179869184e+10,1.7179869184e+10,57.776643761308875,33.30684302439319,2.6645471970079266,0,12.997604229597984,1.7036196412398613e+06,40.74443375806282,2.097152e+06,2.097152e+06,2.047976e+06,96.6515232600382,1.9794e+06,1.9251649274996802e+07,0,0,15537.890783816143,454913.7412862713,6759.674402337607,1.879673433361901e+07,8778.215589828073
2019-11-05 21:48:46.858118975,RCA=wally178-instance-000002fb anomaly=mem_leak_vod component=wally178-instance-000002fb group=backend host=vod-video-2 index=0 injected=wally178-instance-000002fb layer=virtual node=wally178 target=wally178-instance-000002fb|mem_leak_vod vm=instance-000002fb,1.5215976448e+10,1.7179869184e+10,1.7179869184e+10,58.16345779281195,38.013359060116734,3.3345052029498436,0,17.9966393975421,1.8510464003818168e+06,41.82261610722241,2.097152e+06,2.097152e+06,2.047976e+06,96.6515232600382,1.9794e+06,1.9984271085037265e+07,0,0,15834.256250943246,464581.22873510123,6904.1067141030235,1.9519688192387395e+07,8930.148952480411
2019-11-05 21:48:47.35815341,RCA=wally178-instance-000002fb anomaly=mem_leak_vod component=wally178-instance-000002fb group=backend host=vod-video-2 index=0 injected=wally178-instance-000002fb layer=virtual node=wally178 target=wally178-instance-000002fb|mem_leak_vod vm=instance-000002fb,1.5215976448e+10,1.7179869184e+10,1.7179869184e+10,58.16613766017132,40.04801310903894,2.66986785602516,0,16.997290597884117,1.720047991610607e+06,42.003013016133686,2.097152e+06,2.097152e+06,2.047976e+06,96.6515232600382,1.9794e+06,1.9548460061831363e+07,0,0,15736.442495992776,461068.8907277752,6881.8145365042465,1.908738904226463e+07,8854.627950912083
2019-11-05 21:48:47.858267842,RCA=wally178-instance-000002fb anomaly=mem_leak_vod component=wally178-instance-000002fb group=backend host=vod-video-2 index=0 injected=wally178-instance-000002fb layer=virtual node=wally178 target=wally178-instance-000002fb|mem_leak_vod vm=instance-000002fb,1.5215976448e+10,1.7179869184e+10,1.7179869184e+10,57.775666132869375,38.69968567708279,2.668943877195935,0,16.99713863369385,1.5971702523189157e+06,41.4571993192883,2.097152e+06,2.097152e+06,2.047976e+06,96.6515232600382,1.9794e+06,2.013617901032773e+07,0,0,15820.060372172813,465955.4396176849,6952.514445940195,1.967022595009513e+07,8867.546687274156
2019-11-05 21:48:48.358305468,RCA=wally178-instance-000002fb anomaly=mem_leak_vod component=wally178-instance-000002fb group=backend host=vod-video-2 index=0 injected=wally178-instance-000002fb layer=virtual node=wally178 target=wally178-instance-000002fb|mem_leak_vod vm=instance-000002fb,1.5215976448e+10,1.7179869184e+10,1.7179869184e+10,55.77237813230227,35.914636547524466,0.9976287969678437,0,16.99716319046067,1.5971735467315458e+06,38.798981429640534,2.097152e+06,2.097152e+06,2.047976e+06,96.6515232600382,1.9794e+06,1.9855357630868837e+07,0,0,15582.047861835334,455416.313279525,6814.9686264467755,1.939994607215564e+07,8767.08017002955
2019-11-05 21:48:48.858417912,RCA=wally178-instance-000002fb anomaly=mem_leak_vod component=wally178-instance-000002fb group=backend host=vod-video-2 index=0 injected=wally178-instance-000002fb layer=virtual node=wally178 target=wally178-instance-000002fb|mem_leak_vod vm=instance-000002fb,1.5215976448e+10,1.7179869184e+10,1.7179869184e+10,55.686924034915165,36.20465783462621,2.0113697799097774,0,11.998185922281294,1.5726277079689947e+06,39.9990739414401,2.097152e+06,2.097152e+06,2.047976e+06,96.49488079938436,1.976192e+06,1.9381362805082887e+07,0,0,15464.120969586575,450381.0222208299,6756.305185348459,1.893098420567025e+07,8707.8157198944
2019-11-05 21:48:49.358460234,RCA=wally178-instance-000002fb anomaly=mem_leak_vod component=wally178-instance-000002fb group=backend host=vod-video-2 index=0 injected=wally178-instance-000002fb layer=virtual node=wally178 target=wally178-instance-000002fb|mem_leak_vod vm=instance-000002fb,1.5215976448e+10,1.7179869184e+10,1.7179869184e+10,55.99728695585476,34.648974946257745,1.9989793677776646,0,9.998483609978743,1.310520802148594e+06,40.0139502502075,2.097152e+06,2.097152e+06,2.047976e+06,96.49488079938436,1.976192e+06,1.9252783035680603e+07,0,0,15474.399709104468,454149.56010398845,6746.275111180472,1.8798630974481642e+07,8728.122401952158
2019-11-05 21:48:49.858541901,RCA=wally178-instance-000002fb anomaly=mem_leak_vod component=wally178-instance-000002fb group=backend host=vod-video-2 index=0 injected=wally178-instance-000002fb layer=virtual node=wally178 target=wally178-instance-000002fb|mem_leak_vod vm=instance-000002fb,1.5215976448e+10,1.7179869184e+10,1.7179869184e+10,56.35728257369069,33.74585018223518,1.985049998898446,0,6.998944335228028,917365.2053965192,39.98373489653024,2.097152e+06,2.097152e+06,2.047976e+06,96.49488079938436,1.976192e+06,1.9283935046752162e+07,0,0,15526.431706095273,457267.6140367355,6791.76889616476,1.8826667499701135e+07,8734.662658031682
2019-11-05 21:48:50.358626392,RCA=wally178-instance-000002fb anomaly=mem_leak_vod component=wally178-instance-000002fb group=backend host=vod-video-2 index=0 injected=wally178-instance-000002fb layer=virtual node=wally178 target=wally178-instance-000002fb|mem_leak_vod vm=instance-000002fb,1.5215976448e+10,1.7179869184e+10,1.7179869184e+10,55.367579589706395,35.95486596461921,2.9962387196630904,0,6.998981984072453,798603.978813958,39.31446883586501,2.097152e+06,2.097152e+06,2.047976e+06,96.49488079938436,1.976192e+06,1.9042447212230556e+07,0,0,15469.530429955388,453131.3203387161,6782.956535090035,1.8589317862970464e+07,8686.576219503564
2019-11-05 21:48:50.85873278,RCA=wally178-instance-000002fb anomaly=mem_leak_vod component=wally178-instance-000002fb group=backend host=vod-video-2 index=0 injected=wally178-instance-000002fb layer=virtual node=wally178 target=wally178-instance-000002fb|mem_leak_vod vm=instance-000002fb,1.5215976448e+10,1.7179869184e+10,1.7179869184e+10,55.52867586546846,33.77688167401627,1.9868753689031498,0,5.999119653187374,667550.0203457638,38.84748787041976,2.097152e+06,2.097152e+06,2.047976e+06,96.49488079938436,1.976192e+06,1.8855137973544687e+07,0,0,15572.349849267152,464564.2088348023,6857.454893702095,1.8390550336514752e+07,8714.887495448513
2019-11-05 21:48:51.358871843,RCA=wally178-instance-000002fb anomaly=mem_leak_vod component=wally178-instance-000002fb group=backend host=vod-video-2 index=0 injected=wally178-instance-000002fb layer=virtual node=wally178 target=wally178-instance-000002fb|mem_leak_vod vm=instance-000002fb,1.5215976448e+10,1.7179869184e+10,1.7179869184e+10,55.64364217307837,32.99790469904742,1.9998729800675439,0,4.998828529532932,655206.1196011627,38.9724934869044,2.097152e+06,2.097152e+06,2.047976e+06,96.49488079938436,1.976192e+06,1.878332581409364e+07,0,0,15625.872921995406,462077.75806088303,6868.910798652761,1.832124790519781e+07,8756.962172860383
2019-11-05 21:48:51.858949501,RCA=wally178-instance-000002fb anomaly=mem_leak_vod component=wally178-instance-000002fb group=backend host=vod-video-2 index=0 injected=wally178-instance-000002fb layer=virtual node=wally178 target=wally178-instance-000002fb|mem_leak_vod vm=instance-000002fb,1.5216033792e+10,1.7179869184e+10,1.7179869184e+10,55.75712643340525,33.354911537307736,2.6683927930387705,0,10.997477409629255,761681.38301958,39.3223988752333,2.097152e+06,2.097152e+06,2.047976e+06,96.49488079938436,1.976192e+06,1.8803725218062248e+07,0,0,15805.54935280283,466421.88342952373,6933.780725691226,1.8337304655669294e+07,8871.768941909224
2019-11-05 21:48:52.358994497,RCA=wally178-instance-000002fb anomaly=mem_leak_vod component=wally178-instance-000002fb group=backend host=vod-video-2 index=0 injected=wally178-instance-000002fb layer=virtual node=wally178 target=wally178-instance-000002fb|mem_leak_vod vm=instance-000002fb,1.5216033792e+10,1.7179869184e+10,1.7179869184e+10,56.11186363960224,35.41857888706064,3.341375442624403,0,11.99817547345028,827266.6757167622,39.860168416605624,2.097152e+06,2.097152e+06,2.047976e+06,96.49488079938436,1.976192e+06,1.8991391384290453e+07,0,0,15847.145752283022,464068.7524789237,6900.999021616204,1.8527318532360233e+07,8946.145792334635
2019-11-05 21:48:52.859127297,RCA=wally178-instance-000002fb anomaly=mem_leak_vod component=wally178-instance-000002fb group=backend host=vod-video-2 index=0 injected=wally178-instance-000002fb layer=virtual node=wally178 target=wally178-instance-000002fb|mem_leak_vod vm=instance-000002fb,1.5216033792e+10,1.7179869184e+10,1.7179869184e+10,57.54126591005816,30.985046090011174,1.9990354993551644,0,9.998215858372935,1.0524841484192535e+06,41.79952442312424,2.097152e+06,2.097152e+06,2.047976e+06,96.49488079938436,1.976192e+06,1.8511519891379952e+07,0,0,15685.114159376715,459864.4790149138,6840.530086469241,1.8051653921502862e+07,8844.584314762073
2019-11-05 21:48:53.359196722,RCA=wally178-instance-000002fb anomaly=mem_leak_vod component=wally178-instance-000002fb group=backend host=vod-video-2 index=0 injected=wally178-instance-000002fb layer=virtual node=wally178 target=wally178-instance-000002fb|mem_leak_vod vm=instance-000002fb,1.5216033792e+10,1.7179869184e+10,1.7179869184e+10,57.10307110768892,30.97377691903725,1.9983081803385125,0,7.998395897707527,855892.1950479037,40.60492419949633,2.097152e+06,2.097152e+06,2.047976e+06,96.49488079938436,1.976192e+06,1.834041257781797e+07,0,0,15702.37133730071,458064.11096457957,6863.79106154694,1.788235175649114e+07,8838.580368128452
2019-11-05 21:48:53.8592814,RCA=wally178-instance-000002fb anomaly=mem_leak_vod component=wally178-instance-000002fb group=backend host=vod-video-2 index=0 injected=wally178-instance-000002fb layer=virtual node=wally178 target=wally178-instance-000002fb|mem_leak_vod vm=instance-000002fb,1.5216033792e+10,1.7179869184e+10,1.7179869184e+10,56.8783435904956,32.025704983745335,2.0016065467938446,0,7.9985009449484,679808.7975768414,40.744826761599775,2.097152e+06,2.097152e+06,2.047976e+06,96.49488079938436,1.976192e+06,1.813403606310372e+07,0,0,15612.78001529795,456060.85398996837,6848.599937439893,1.767797713916281e+07,8764.18054917868
2019-11-05 21:48:54.359355717,RCA=wally178-instance-000002fb anomaly=mem_leak_vod component=wally178-instance-000002fb group=backend host=vod-video-2 index=0 injected=wally178-instance-000002fb layer=virtual node=wally178 target=wally178-instance-000002fb|mem_leak_vod vm=instance-000002fb,1.5216033792e+10,1.7179869184e+10,1.7179869184e+10,55.62994110240113,35.776185151648285,2.9813487804142382,0,8.998514462242971,810874.2892623234,39.739235863234526,2.097152e+06,2.097152e+06,2.047976e+06,96.49488079938436,1.976192e+06,1.7598071467905622e+07,0,0,15355.521884857795,449801.5393280824,6786.943305755583,1.7148264178774532e+07,8568.577884611024
2019-11-05 21:48:54.85952756,RCA=wally178-instance-000002fb anomaly=mem_leak_vod component=wally178-instance-000002fb group=backend host=vod-video-2 index=0 injected=wally178-instance-000002fb layer=virtual node=wally178 target=wally178-instance-000002fb|mem_leak_vod vm=instance-000002fb,1.5216033792e+10,1.7179869184e+10,1.7179869184e+10,55.37924972568494,34.922041431589776,1.9955452147067712,0,4.9992042116759725,655255.8457728027,39.371784132691594,2.097152e+06,2.097152e+06,2.047976e+06,96.49488079938436,1.976192e+06,1.729430297505394e+07,0,0,15235.78170362389,449583.75183161703,6749.945374014036,1.684471649583565e+07,8485.836664908305
2019-11-05 21:48:55.359559474,RCA=wally178-instance-000002fb anomaly=mem_leak_vod component=wally178-instance-000002fb group=backend host=vod-video-2 index=0 injected=wally178-instance-000002fb layer=virtual node=wally178 target=wally178-instance-000002fb|mem_leak_vod vm=instance-000002fb,1.5216033792e+10,1.7179869184e+10,1.7179869184e+10,56.68799846871189,36.20966950833157,2.6821978438750302,0,4.999202937082117,655255.1283824678,39.998344228542315,2.097152e+06,2.097152e+06,2.047976e+06,96.49488079938436,1.976192e+06,1.881181086750638e+07,0,0,15369.87239694626,459770.48781993065,6867.602940678814,1.8352043574298088e+07,8502.271868434857
2019-11-05 21:48:55.859591892,RCA=wally178-instance-000002fb anomaly=mem_leak_vod component=wally178-instance-000002fb group=backend host=vod-video-2 index=0 injected=wally178-instance-000002fb layer=virtual node=wally178 target=wally178-instance-000002fb|mem_leak_vod vm=instance-000002fb,1.5216033792e+10,1.7179869184e+10,1.7179869184e+10,58.210423313605006,37.99525408880228,3.999500410405235,0,4.99925105719987,651166.450707519,40.9622114996851,2.097152e+06,2.097152e+06,2.047976e+06,96.49488079938436,1.976192e+06,2.057869067957874e+07,0,0,15730.800775541924,470564.442310017,7042.156854031509,2.010813539934045e+07,8688.648316732812
2019-11-05 21:48:56.359692655,RCA=wally178-instance-000002fb anomaly=mem_leak_vod component=wally178-instance-000002fb group=backend host=vod-video-2 index=0 injected=wally178-instance-000002fb layer=virtual node=wally178 target=wally178-instance-000002fb|mem_leak_vod vm=instance-000002fb,1.5216033792e+10,1.7179869184e+10,1.7179869184e+10,55.976158224740516,37.52696109706745,1.9751029932762891,0,1.9996910497325073,258008.14419192597,38.8926947052739,2.097152e+06,2.097152e+06,2.047976e+06,96.49488079938436,1.976192e+06,1.8246815611801773e+07,0,0,15398.969736271047,451680.78552806587,6811.273533333036,1.7795128303451587e+07,8587.69161918153
2019-11-05 21:48:56.859789834,RCA=wally178-instance-000002fb anomaly=mem_leak_vod component=wally178-instance-000002fb group=backend host=vod-video-2 index=0 injected=wally178-instance-000002fb layer=virtual node=wally178 target=wally178-instance-000002fb|mem_leak_vod vm=instance-000002fb,1.5216033792e+10,1.7179869184e+10,1.7179869184e+10,56.88563470475352,35.88553075503424,0.996820302725554,0,2.9995277303579106,249816.54197682784,40.00048451253541,2.097152e+06,2.097152e+06,2.047976e+06,96.49488079938436,1.976192e+06,1.9160659766014162e+07,0,0,15619.647389542171,463290.9170981462,6919.284931163513,1.8697366384350523e+07,8700.360073230213
2019-11-05 21:48:57.35988356,RCA=wally178-instance-000002fb anomaly=mem_leak_vod component=wally178-instance-000002fb group=backend host=vod-video-2 index=0 injected=wally178-instance-000002fb layer=virtual node=wally178 target=wally178-instance-000002fb|mem_leak_vod vm=instance-000002fb,1.5216033792e+10,1.7179869184e+10,1.7179869184e+10,57.41299663707861,32.92410582057036,1.9954004065137458,0,4.999180784244886,339912.2951730671,39.95479040882965,2.097152e+06,2.097152e+06,2.047976e+06,96.49488079938436,1.976192e+06,1.972364247178735e+07,0,0,15851.345512915874,471797.7839687827,7018.983013712802,1.9251844911696583e+07,8832.362311238558
2019-11-05 21:48:57.859935911,RCA=wally178-instance-000002fb anomaly=mem_leak_vod component=wally178-instance-000002fb group=backend host=vod-video-2 index=0 injected=wally178-instance-000002fb layer=virtual node=wally178 target=wally178-instance-000002fb|mem_leak_vod vm=instance-000002fb,1.5216033792e+10,1.7179869184e+10,1.7179869184e+10,56.973020415492,33.98842766546636,2.6657591054248795,0,6.998842391468451,499629.4901867316,38.95571533758282,2.097152e+06,2.097152e+06,2.047976e+06,96.49488079938436,1.976192e+06,1.9350588227786653e+07,0,0,15655.48207487036,454299.8368167469,6859.144010194466,1.8896286981419753e+07,8796.337891016536
2019-11-05 21:48:58.360017603,RCA=wally178-instance-000002fb anomaly=mem_leak_vod component=wally178-instance-000002fb group=backend host=vod-video-2 index=0 injected=wally178-instance-000002fb layer=virtual node=wally178 target=wally178-instance-000002fb|mem_leak_vod vm=instance-000002fb,1.5216033792e+10,1.7179869184e+10,1.7179869184e+10,56.58297380067966,35.326708091844374,2.66616659335064,0,7.998807993636364,802696.7136494747,38.982100277158935,2.097152e+06,2.097152e+06,2.047976e+06,96.49488079938436,1.976192e+06,1.8916243602193248e+07,0,0,15620.21149810251,456166.2707493212,6851.0045348896065,1.846007480405679e+07,8769.206222184059
2019-11-05 21:48:58.860062114,RCA=wally178-instance-000002fb anomaly=mem_leak_vod component=wally178-instance-000002fb group=backend host=vod-video-2 index=0 injected=wally178-instance-000002fb layer=virtual node=wally178 target=wally178-instance-000002fb|mem_leak_vod vm=instance-000002fb,1.5216037888e+10,1.7179869184e+10,1.7179869184e+10,58.72662230463587,38.05103249737682,3.3378099773725056,0,8.998657922160174,839555.0229997212,41.88808981052199,2.097152e+06,2.097152e+06,2.047976e+06,96.02612530615593,1.966592e+06,2.0640683283876915e+07,0,0,16138.284434783187,478649.44738786377,7117.10468505341,2.0162027230080385e+07,9021.1767191427
2019-11-05 21:48:59.360169255,RCA=wally178-instance-000002fb anomaly=mem_leak_vod component=wally178-instance-000002fb group=backend host=vod-video-2 index=0 injected=wally178-instance-000002fb layer=virtual node=wally178 target=wally178-instance-000002fb|mem_leak_vod vm=instance-000002fb,1.5216037888e+10,1.7179869184e+10,1.7179869184e+10,59.044489144210665,40.03709191004635,2.001854619546849,0,9.998514130813534,905081.4714053348,40.65663583436919,2.097152e+06,2.097152e+06,2.047976e+06,96.02612530615593,1.966592e+06,1.9679647023138244e+07,0,0,15937.886282133313,472648.0508339865,7027.016448734299,1.920699707702071e+07,8910.86897024135
2019-11-05 21:48:59.860200059,RCA=wally178-instance-000002fb anomaly=mem_leak_vod component=wally178-instance-000002fb group=backend host=vod-video-2 index=0 injected=wally178-instance-000002fb layer=virtual node=wally178 target=wally178-instance-000002fb|mem_leak_vod vm=instance-000002fb,1.5216037888e+10,1.7179869184e+10,1.7179869184e+10,59.07447668628498,39.47564754294949,2.0072363587191697,0,10.998452275798845,851847.9669548244,41.40370809926877,2.097152e+06,2.097152e+06,2.047976e+06,96.02612530615593,1.966592e+06,2.0305145796766233e+07,0,0,16111.676373375867,476574.21199348505,7116.938160995153,1.9828577474198356e+07,8994.741832301792
2019-11-05 21:49:00.360285118,RCA=wally178-instance-000002fb anomaly=mem_leak_vod component=wally178-instance-000002fb group=backend host=vod-video-2 index=0 injected=wally178-instance-000002fb layer=virtual node=wally178 target=wally178-instance-000002fb|mem_leak_vod vm=instance-000002fb,1.5216037888e+10,1.7179869184e+10,1.7179869184e+10,56.84697753987553,34.98785910792597,0.9996531333582155,0,6.998995133271731,393159.62641380704,40.083159113942074,2.097152e+06,2.097152e+06,2.047976e+06,96.02612530615593,1.966592e+06,1.834488227408526e+07,0,0,15631.34490389969,460861.07127231016,6916.484353953457,1.788402797689401e+07,8714.864993750723
2019-11-05 21:49:00.860363494,RCA=wally178-instance-000002fb anomaly=mem_leak_vod component=wally178-instance-000002fb group=backend host=vod-video-2 index=0 injected=wally178-instance-000002fb layer=virtual node=wally178 target=wally178-instance-000002fb|mem_leak_vod vm=instance-000002fb,1.5216037888e+10,1.7179869184e+10,1.7179869184e+10,56.013526927433574,35.965940146783176,0,0,0.9998582820868136,131053.41741173153,39.99680669495028,2.097152e+06,2.097152e+06,2.047976e+06,96.02612530615593,1.966592e+06,1.878212543682334e+07,0,0,15704.01583070104,462649.741820639,6971.989938211751,1.8319476018525634e+07,8732.026734496383
2019-11-05 21:49:01.360434549,RCA=wally178-instance-000002fb anomaly=mem_leak_vod component=wally178-instance-000002fb group=backend host=vod-video-2 index=0 injected=wally178-instance-000002fb layer=virtual node=wally178 target=wally178-instance-000002fb|mem_leak_vod vm=instance-000002fb,1.5216037888e+10,1.7179869184e+10,1.7179869184e+10,54.84369036256484,35.981398984018426,0,0,0.9998469354323485,131051.92166613345,38.93011545969507,2.097152e+06,2.097152e+06,2.047976e+06,96.02612530615593,1.966592e+06,1.7790956150641542e+07,0,0,15376.316533692618,459088.5776787458,6863.320247655517,1.7331861847408764e+07,8512.991642093595
2019-11-05 21:49:01.860495763,RCA=wally178-instance-000002fb anomaly=mem_leak_vod component=wally178-instance-000002fb group=backend host=vod-video-2 index=0 injected=wally178-instance-000002fb layer=virtual node=wally178 target=wally178-instance-000002fb|mem_leak_vod vm=instance-000002fb,1.5216037888e+10,1.7179869184e+10,1.7179869184e+10,55.79680518938746,33.981356400661625,0.9994516628386036,0,0.9998437174280601,131051.54403344027,38.98910110364479,2.097152e+06,2.097152e+06,2.047976e+06,96.02612530615593,1.966592e+06,1.8509808244874e+07,0,0,15467.620296698,470719.16373805783,6889.768395455792,1.8039084649878796e+07,8577.85096897697
2019-11-05 21:49:02.360597547,RCA=wally178-instance-000002fb anomaly=mem_leak_vod component=wally178-instance-000002fb group=backend host=vod-video-2 index=0 injected=wally178-instance-000002fb layer=virtual node=wally178 target=wally178-instance-000002fb|mem_leak_vod vm=instance-000002fb,1.5216037888e+10,1.7179869184e+10,1.7179869184e+10,56.492758151175984,33.9620767564211,0.9988845995074984,0,1.999699687100691,262104.68272496318,39.31778464358261,2.097152e+06,2.097152e+06,2.047976e+06,96.02612530615593,1.966592e+06,1.7820514689286634e+07,0,0,15358.506205661839,463619.221250244,6852.922360650766,1.7356897531089287e+07,8505.58411331805
2019-11-05 21:49:02.860663096,RCA=wally178-instance-000002fb anomaly=mem_leak_vod component=wally178-instance-000002fb group=backend host=vod-video-2 index=0 injected=wally178-instance-000002fb layer=virtual node=wally178 target=wally178-instance-000002fb|mem_leak_vod vm=instance-000002fb,1.5216037888e+10,1.7179869184e+10,1.7179869184e+10,54.15516889007795,35.94713886956098,0.9985316891071186,0,0.999843609461826,131051.47144225595,38.82584384315493,2.097152e+06,2.097152e+06,2.047976e+06,96.02612530615593,1.966592e+06,1.724435997246332e+07,0,0,15217.314260565232,451447.99810483,6807.535646084638,1.679291605454076e+07,8409.778820489573
2019-11-05 21:49:03.36081324,RCA=wally178-instance-000002fb anomaly=mem_leak_vod component=wally178-instance-000002fb group=backend host=vod-video-2 index=0 injected=wally178-instance-000002fb layer=virtual node=wally178 target=wally178-instance-000002fb|mem_leak_vod vm=instance-000002fb,1.5216037888e+10,1.7179869184e+10,1.7179869184e+10,53.5070568066528,36.664123105347606,1.3332408161977884,0,4.99909398420268,589716.8101240078,36.99663515603256,2.097152e+06,2.097152e+06,2.047976e+06,96.02612530615593,1.966592e+06,1.7125197123328198e+07,0,0,15029.148391909373,442950.07493185863,6686.4985671875775,1.6682244903905282e+07,8342.650149526457
2019-11-05 21:49:03.86084477,RCA=wally178-instance-000002fb anomaly=mem_leak_vod component=wally178-instance-000002fb group=backend host=vod-video-2 index=0 injected=wally178-instance-000002fb layer=virtual node=wally178 target=wally178-instance-000002fb|mem_leak_vod vm=instance-000002fb,1.5216037888e+10,1.7179869184e+10,1.7179869184e+10,53.873277231123126,32.99551010296723,0.99986388153076,0,7.998484799033609,970568.1908843059,37.91517415024844,2.097152e+06,2.097152e+06,2.047976e+06,96.02612530615593,1.966592e+06,1.7630535445435327e+07,0,0,15050.197508476609,444360.8765051316,6673.35769651404,1.7186172313198395e+07,8376.839312814149
2019-11-05 21:49:04.360957895,RCA=wally178-instance-000002fb anomaly=mem_leak_vod component=wally178-instance-000002fb group=backend host=vod-video-2 index=0 injected=wally178-instance-000002fb layer=virtual node=wally178 target=wally178-instance-000002fb|mem_leak_vod vm=instance-000002fb,1.5216037888e+10,1.7179869184e+10,1.7179869184e+10,54.30350219872378,33.939502937831826,2.9946619641396675,0,3.9993020138174344,511910.6654459517,38.87623385515613,2.097152e+06,2.097152e+06,2.047976e+06,96.02612530615593,1.966592e+06,1.7261561923136886e+07,0,0,14844.94071499633,446164.0105421067,6580.221685292108,1.6815397050935954e+07,8264.717868892782
2019-11-05 21:49:04.861004246,RCA=wally178-instance-000002fb anomaly=mem_leak_vod component=wally178-instance-000002fb group=backend host=vod-video-2 index=0 injected=wally178-instance-000002fb layer=virtual node=wally178 target=wally178-instance-000002fb|mem_leak_vod vm=instance-000002fb,1.5216037888e+10,1.7179869184e+10,1.7179869184e+10,54.5187058356394,37.935419083970224,3.9932019330970765,0,1.9996640684344877,262099.9585576637,39.25755173319413,2.097152e+06,2.097152e+06,2.047976e+06,96.02612530615593,1.966592e+06,1.7286865866461813e+07,0,0,15033.423361602014,458300.41285256884,6754.812832833137,1.682857123081533e+07,8278.614082565204
2019-11-05 21:49:05.361091488,RCA=wally178-instance-000002fb anomaly=mem_leak_vod component=wally178-instance-000002fb group=backend host=vod-video-2 index=0 injected=wally178-instance-000002fb layer=virtual node=wally178 target=wally178-instance-000002fb|mem_leak_vod vm=instance-000002fb,1.5216037888e+10,1.7179869184e+10,1.7179869184e+10,54.11231111905551,38.70530260937377,3.3366640158227967,0,1.9996885864967362,139242.3347281703,38.74571942886498,2.097152e+06,2.097152e+06,2.047976e+06,96.02612530615593,1.966592e+06,1.7456680456664898e+07,0,0,15096.616372789505,456135.76356661756,6774.190846727476,1.7000543775134224e+07,8322.424712860866
2019-11-05 21:49:05.861156752,RCA=wally178-instance-000002fb anomaly=mem_leak_vod component=wally178-instance-000002fb group=backend host=vod-video-2 index=0 injected=wally178-instance-000002fb layer=virtual node=wally178 target=wally178-instance-000002fb|mem_leak_vod vm=instance-000002fb,1.5216037888e+10,1.7179869184e+10,1.7179869184e+10,54.75226603128785,35.318467954990595,2.6655447655303024,0,2.99954747027135,143338.38213522153,37.96323052326054,2.097152e+06,2.097152e+06,2.047976e+06,96.02612530615593,1.966592e+06,1.775268026185649e+07,0,0,15320.392560683295,453034.6496826578,6832.687947276413,1.7299647177562747e+07,8487.70512142038
2019-11-05 21:49:06.361235246,RCA=wally178-instance-000002fb anomaly=mem_leak_vod component=wally178-instance-000002fb group=backend host=vod-video-2 index=0 injected=wally178-instance-000002fb layer=virtual node=wally178 target=wally178-instance-000002fb|mem_leak_vod vm=instance-000002fb,1.5216037888e+10,1.7179869184e+10,1.7179869184e+10,54.68766973186215,30.949966933404767,1.9967720701874088,0,1.9997058792598668,135148.1697090586,38.77866395045791,2.097152e+06,2.097152e+06,2.047976e+06,96.02612530615593,1.966592e+06,1.7508221248748325e+07,0,0,15290.216246553535,456990.7095986079,6840.440038968831,1.705123955509624e+07,8449.78079253217
2019-11-05 21:49:06.86133723,RCA=wally178-instance-000002fb anomaly=mem_leak_vod component=wally178-instance-000002fb group=backend host=vod-video-2 index=0 injected=wally178-instance-000002fb layer=virtual node=wally178 target=wally178-instance-000002fb|mem_leak_vod vm=instance-000002fb,1.5216074752e+10,1.7179869184e+10,1.7179869184e+10,55.28026356366071,30.61915522968831,1.9969014240355354,0,8.998568066862088,266197.53776596085,39.26071945487995,2.097152e+06,2.097152e+06,2.047976e+06,96.02612530615593,1.966592e+06,1.769137872546626e+07,0,0,15392.118745888034,460527.02256389544,6844.4147231007555,1.7230857840412498e+07,8547.707884728394
2019-11-05 21:49:07.36143191,RCA=wally178-instance-000002fb anomaly=mem_leak_vod component=wally178-instance-000002fb group=backend host=vod-video-2 index=0 injected=wally178-instance-000002fb layer=virtual node=wally178 target=wally178-instance-000002fb|mem_leak_vod vm=instance-000002fb,1.5216074752e+10,1.7179869184e+10,1.7179869184e+10,55.74537774454398,27.986393267470895,1.999028050572503,0,8.99843073666854,266193.5039806597,40.00924088102064,2.097152e+06,2.097152e+06,2.047976e+06,96.02612530615593,1.966592e+06,1.7846163888742656e+07,0,0,15538.57466406024,467057.2661091805,6909.590900083196,1.737910308472379e+07,8628.981000951428
2019-11-05 21:49:07.861475235,RCA=wally178-instance-000002fb anomaly=mem_leak_vod component=wally178-instance-000002fb group=backend host=vod-video-2 index=0 injected=wally178-instance-000002fb layer=virtual node=wally178 target=wally178-instance-000002fb|mem_leak_vod vm=instance-000002fb,1.5216074752e+10,1.7179869184e+10,1.7179869184e+10,54.385810501053,28.9504610711326,1.9965835101880385,0,2.999516091068544,258006.46070182056,38.86907163114037,2.097152e+06,2.097152e+06,2.047976e+06,96.02612530615593,1.966592e+06,1.7812438421688773e+07,0,0,15686.944857165208,468507.2871099596,6963.817418945435,1.73439253887573e+07,8723.125058657926
2019-11-05 21:49:08.361584528,RCA=wally178-instance-000002fb anomaly=mem_leak_vod component=wally178-instance-000002fb group=backend host=vod-video-2 index=0 injected=wally178-instance-000002fb layer=virtual node=wally178 target=wally178-instance-000002fb|mem_leak_vod vm=instance-000002fb,1.5216074752e+10,1.7179869184e+10,1.7179869184e+10,54.331129578267124,31.344461724749934,2.0007102414652653,0,5.998999079001666,651155.7212685774,36.96459239320299,2.097152e+06,2.097152e+06,2.047976e+06,96.02612530615593,1.966592e+06,1.7507935125699777e+07,0,0,15703.618846062114,471303.87178847723,7040.793846872854,1.703662865931587e+07,8662.821910210512
2019-11-05 21:49:08.861729722,RCA=wally178-instance-000002fb anomaly=mem_leak_vod component=wally178-instance-000002fb group=backend host=vod-video-2 index=0 injected=wally178-instance-000002fb layer=virtual node=wally178 target=wally178-instance-000002fb|mem_leak_vod vm=instance-000002fb,1.5216074752e+10,1.7179869184e+10,1.7179869184e+10,54.777721383328306,33.99575959558644,2.666334093037686,0,2.999326969024113,393127.7518616454,38.66009555867777,2.097152e+06,2.097152e+06,2.047976e+06,96.04389895194085,1.966956e+06,1.7323144980390243e+07,0,0,15706.544632527315,471325.81671134837,7041.785484589934,1.685182011902999e+07,8664.759997262645
2019-11-05 21:49:09.361853798,RCA=wally178-instance-000002fb anomaly=mem_leak_vod component=wally178-instance-000002fb group=backend host=vod-video-2 index=0 injected=wally178-instance-000002fb layer=virtual node=wally178 target=wally178-instance-000002fb|mem_leak_vod vm=instance-000002fb,1.5216074752e+10,1.7179869184e+10,1.7179869184e+10,56.66558241057456,38.746006559629365,3.9739496591998895,0,7.998173073302942,442266.480383027,40.88631441706024,2.097152e+06,2.097152e+06,2.047976e+06,96.04389895194085,1.966956e+06,1.7293034560780816e+07,0,0,15781.76579564137,474874.28246922605,7062.624147783538,1.6818156551354986e+07,8719.141168581698
2019-11-05 21:49:09.861876906,RCA=wally178-instance-000002fb anomaly=mem_leak_vod component=wally178-instance-000002fb group=backend host=vod-video-2 index=0 injected=wally178-instance-000002fb layer=virtual node=wally178 target=wally178-instance-000002fb|mem_leak_vod vm=instance-000002fb,1.5216074752e+10,1.7179869184e+10,1.7179869184e+10,56.51213930042462,36.9549937326478,1.99756724674801,0,9.998310015652983,704392.8139183137,40.04480522488387,2.097152e+06,2.097152e+06,2.047976e+06,96.04389895194085,1.966956e+06,1.6903477379303034e+07,0,0,15780.287220847882,480980.0395955907,7149.880077919606,1.642249534598229e+07,8630.405350418949
2019-11-05 21:49:10.361982374,RCA=wally178-instance-000002fb anomaly=mem_leak_vod component=wally178-instance-000002fb group=backend host=vod-video-2 index=0 injected=wally178-instance-000002fb layer=virtual node=wally178 target=wally178-instance-000002fb|mem_leak_vod vm=instance-000002fb,1.5216074752e+10,1.7179869184e+10,1.7179869184e+10,56.84765789803217,37.8605665753683,1.9926613722322655,0,3.999438922712972,524214.7320795414,39.32447890258203,2.097152e+06,2.097152e+06,2.047976e+06,96.04389895194085,1.966956e+06,1.6869939481661707e+07,0,0,15711.522994213534,479077.8886098002,7122.770128026565,1.6390861875418011e+07,8588.752348958827
2019-11-05 21:49:10.862042269,RCA=wally178-instance-000002fb anomaly=mem_leak_vod component=wally178-instance-000002fb group=backend host=vod-video-2 index=0 injected=wally178-instance-000002fb layer=virtual node=wally178 target=wally178-instance-000002fb|mem_leak_vod vm=instance-000002fb,1.5216074752e+10,1.7179869184e+10,1.7179869184e+10,59.12818486136076,31.89431458456649,2.9900919565405086,0,4.9992735555596415,405445.21003909915,40.924584870718185,2.097152e+06,2.097152e+06,2.047976e+06,96.04389895194085,1.966956e+06,1.8608239796814747e+07,0,0,15854.489355013222,487303.94370655046,7214.668534380556,1.812093816483653e+07,8639.821463066135
2019-11-05 21:49:11.362148282,RCA=wally178-instance-000002fb anomaly=mem_leak_vod component=wally178-instance-000002fb group=backend host=vod-video-2 index=0 injected=wally178-instance-000002fb layer=virtual node=wally178 target=wally178-instance-000002fb|mem_leak_vod vm=instance-000002fb,1.5216074752e+10,1.7179869184e+10,1.7179869184e+10,57.99608095816671,31.263455882874226,2.6607196513761746,0,4.999175361028321,405437.2070581976,40.77883407677938,2.097152e+06,2.097152e+06,2.047976e+06,96.04389895194085,1.966956e+06,1.955631710379359e+07,0,0,15748.666616212511,479721.38522188365,7140.921417836311,1.9076585704121526e+07,8607.743144339123
2019-11-05 21:49:11.862254515,RCA=wally178-instance-000002fb anomaly=mem_leak_vod component=wally178-instance-000002fb group=backend host=vod-video-2 index=0 injected=wally178-instance-000002fb layer=virtual node=wally178 target=wally178-instance-000002fb|mem_leak_vod vm=instance-000002fb,1.5216074752e+10,1.7179869184e+10,1.7179869184e+10,57.07779535606099,29.357425054056762,2.001642618657576,0,1.9996327514481345,262095.76730223067,37.96299712503525,2.097152e+06,2.097152e+06,2.047976e+06,96.04389895194085,1.966956e+06,1.6528828127240144e+07,0,0,15215.945375247005,452958.2644565236,6835.701897388998,1.6075865527873255e+07,8380.24651673991
2019-11-05 21:49:12.362320149,RCA=wally178-instance-000002fb anomaly=mem_leak_vod component=wally178-instance-000002fb group=backend host=vod-video-2 index=0 injected=wally178-instance-000002fb layer=virtual node=wally178 target=wally178-instance-000002fb|mem_leak_vod vm=instance-000002fb,1.5216074752e+10,1.7179869184e+10,1.7179869184e+10,55.486541448658365,35.977378323944365,0.9993715971384626,0,1.9996533500934945,262098.44807601973,39.30578985350121,2.097152e+06,2.097152e+06,2.047976e+06,96.04389895194085,1.966956e+06,1.6808557533845007e+07,0,0,15280.545889344323,460778.7123464616,6887.138148792346,1.63477787823797e+07,8393.407693817995
2019-11-05 21:49:12.862399999,RCA=wally178-instance-000002fb anomaly=mem_leak_vod component=wally178-instance-000002fb group=backend host=vod-video-2 index=0 injected=wally178-instance-000002fb layer=virtual node=wally178 target=wally178-instance-000002fb|mem_leak_vod vm=instance-000002fb,1.5216074752e+10,1.7179869184e+10,1.7179869184e+10,56.36447705735795,37.9528483679617,2.9962774967486996,0,9.998319882326975,745346.5574290381,39.89222727846119,2.097152e+06,2.097152e+06,2.047976e+06,96.04389895194085,1.966956e+06,1.810193376680169e+07,0,0,15571.571989308635,475432.1320246767,7069.718599625222,1.762650381111172e+07,8501.848908285296
2019-11-05 21:49:13.362476753,RCA=wally178-instance-000002fb anomaly=mem_leak_vod component=wally178-instance-000002fb group=backend host=vod-video-2 index=0 injected=wally178-instance-000002fb layer=virtual node=wally178 target=wally178-instance-000002fb|mem_leak_vod vm=instance-000002fb,1.5216074752e+10,1.7179869184e+10,1.7179869184e+10,57.11286533062672,37.40697309958489,2.6719265696544414,0,8.998490647169788,614296.3178388824,38.97948139589061,2.097152e+06,2.097152e+06,2.047976e+06,96.04389895194085,1.966956e+06,2.1138028671733532e+07,0,0,15948.520860183948,486441.3813639557,7284.425376803163,2.0651592434355933e+07,8664.099290039163
2019-11-05 21:49:13.862527515,RCA=wally178-instance-000002fb anomaly=mem_leak_vod component=wally178-instance-000002fb group=backend host=vod-video-2 index=0 injected=wally178-instance-000002fb layer=virtual node=wally178 target=wally178-instance-000002fb|mem_leak_vod vm=instance-000002fb,1.5216074752e+10,1.7179869184e+10,1.7179869184e+10,57.21848729211872,34.029303472609755,3.3362063252033827,0,2.9995773325576467,393160.85447223,39.999824240772284,2.097152e+06,2.097152e+06,2.047976e+06,96.04389895194085,1.966956e+06,1.989174717856963e+07,0,0,15737.27613411869,480106.7196752892,7136.86466678398,1.9411636472125642e+07,8600.409379753424
2019-11-05 21:49:14.36264043,RCA=wally178-instance-000002fb anomaly=mem_leak_vod component=wally178-instance-000002fb group=backend host=vod-video-2 index=0 injected=wally178-instance-000002fb layer=virtual node=wally178 target=wally178-instance-000002fb|mem_leak_vod vm=instance-000002fb,1.5216074752e+10,1.7179869184e+10,1.7179869184e+10,55.84094231757126,32.959806274324,1.9975640126354353,0,2.9996212678187253,393166.795961819,39.47802759474383,2.097152e+06,2.097152e+06,2.047976e+06,96.04389895194085,1.966956e+06,1.9704239125464674e+07,0,0,15443.59170856984,471924.17559004267,6982.1091734251695,1.9232317474123124e+07,8461.483538985241
2019-11-05 21:49:14.862657758,RCA=wally178-instance-000002fb anomaly=mem_leak_vod component=wally178-instance-000002fb group=backend host=vod-video-2 index=0 injected=wally178-instance-000002fb layer=virtual node=wally178 target=wally178-instance-000002fb|mem_leak_vod vm=instance-000002fb,1.5216074752e+10,1.7179869184e+10,1.7179869184e+10,55.31019025165408,33.992537436962934,2.666081591506635,0,2.999596368313487,393162.95720595453,39.35555384635349,2.097152e+06,2.097152e+06,2.047976e+06,96.04389895194085,1.966956e+06,1.729246850011608e+07,0,0,14893.520600577776,452377.33116479625,6717.216319403744,1.6840099374420892e+07,8176.310520562111
2019-11-05 21:49:15.362765718,RCA=wally178-instance-000002fb anomaly=mem_leak_vod component=wally178-instance-000002fb group=backend host=vod-video-2 index=0 injected=wally178-instance-000002fb layer=virtual node=wally178 target=wally178-instance-000002fb|mem_leak_vod vm=instance-000002fb,1.5216074752e+10,1.7179869184e+10,1.7179869184e+10,53.91470059358214,36.97507432592034,3.9973057080255363,0,3.999396079193853,524208.5944547378,38.708579094639624,2.097152e+06,2.097152e+06,2.047976e+06,96.04389895194085,1.966956e+06,1.755091052758538e+07,0,0,14957.957732500174,453640.8236676903,6735.461236437687,1.709727269613308e+07,8222.500141156568
2019-11-05 21:49:15.862897555,RCA=wally178-instance-000002fb anomaly=mem_leak_vod component=wally178-instance-000002fb group=backend host=vod-video-2 index=0 injected=wally178-instance-000002fb layer=virtual node=wally178 target=wally178-instance-000002fb|mem_leak_vod vm=instance-000002fb,1.5216074752e+10,1.7179869184e+10,1.7179869184e+10,53.11863427609993,40.99532673772853,1.9997719280113821,0,4.9989793883721525,532371.2397499465,38.004982655919434,2.097152e+06,2.097152e+06,2.047976e+06,96.04389895194085,1.966956e+06,1.7696347130644638e+07,0,0,15116.224799701999,460314.5797195479,6795.852639687059,1.7236027708566956e+07,8320.368109479978
2019-11-05 21:49:16.362924108,RCA=wally178-instance-000002fb anomaly=mem_leak_vod component=wally178-instance-000002fb group=backend host=vod-video-2 index=0 injected=wally178-instance-000002fb layer=virtual node=wally178 target=wally178-instance-000002fb|mem_leak_vod vm=instance-000002fb,1.5216074752e+10,1.7179869184e+10,1.7179869184e+10,53.35932734575805,40.68074434672984,2.667589576189127,0,6.998892530240477,524205.31866770255,37.992940936902556,2.097152e+06,2.097152e+06,2.047976e+06,96.04389895194085,1.966956e+06,1.7712121783050176e+07,0,0,15149.584098564237,458734.5905090903,6823.800872818035,1.7253381714499645e+07,8325.780653753034
2019-11-05 21:49:16.862973343,RCA=wally178-instance-000002fb anomaly=mem_leak_vod component=wally178-instance-000002fb group=backend host=vod-video-2 index=0 injected=wally178-instance-000002fb layer=virtual node=wally178 target=wally178-instance-000002fb|mem_leak_vod vm=instance-000002fb,1.5216201728e+10,1.7179869184e+10,1.7179869184e+10,53.52581349255831,41.39062626580421,1.335181389939502,0,13.998288625225834,532415.0320557134,38.88909972099105,2.097152e+06,2.097152e+06,2.047976e+06,96.04389895194085,1.966956e+06,1.675962975567036e+07,0,0,15164.142052241916,457420.72561346623,6839.136215866068,1.6302202346425802e+07,8325.002710438408
2019-11-05 21:49:17.363054346,RCA=wally178-instance-000002fb anomaly=mem_leak_vod component=wally178-instance-000002fb group=backend host=vod-video-2 index=0 injected=wally178-instance-000002fb layer=virtual node=wally178 target=wally178-instance-000002fb|mem_leak_vod vm=instance-000002fb,1.5216201728e+10,1.7179869184e+10,1.7179869184e+10,54.00278341473263,39.96830445510592,0.9992076173681432,0,11.998012193335834,401341.6164912658,37.94406100600596,2.097152e+06,2.097152e+06,2.047976e+06,96.04389895194085,1.966956e+06,1.7308310480639953e+07,0,0,15200.543848075919,457615.35821342235,6853.737057794896,1.685070398530984e+07,8346.810595875899
2019-11-05 21:49:17.863181127,RCA=wally178-instance-000002fb anomaly=mem_leak_vod component=wally178-instance-000002fb group=backend host=vod-video-2 index=0 injected=wally178-instance-000002fb layer=virtual node=wally178 target=wally178-instance-000002fb|mem_leak_vod vm=instance-000002fb,1.5216201728e+10,1.7179869184e+10,1.7179869184e+10,53.99915034378697,33.98256093132894,1.9989744601357933,0,4.999120814620575,516005.2382906214,38.058148588530635,2.097152e+06,2.097152e+06,2.047976e+06,96.04389895194085,1.966956e+06,1.691787657928422e+07,0,0,15174.334896757331,454949.4222468075,6830.121017570218,1.6462928943703067e+07,8344.21413154296
2019-11-05 21:49:18.363233344,RCA=wally178-instance-000002fb anomaly=mem_leak_vod component=wally178-instance-000002fb group=backend host=vod-video-2 index=0 injected=wally178-instance-000002fb layer=virtual node=wally178 target=wally178-instance-000002fb|mem_leak_vod vm=instance-000002fb,1.5216201728e+10,1.7179869184e+10,1.7179869184e+10,53.36261900515002,33.99331395705773,0.9998033216899672,0,6.99879564024743,581532.0375504052,38.03118422729788,2.097152e+06,2.097152e+06,2.047976e+06,96.04389895194085,1.966956e+06,1.7329920417612925e+07,0,0,15222.623647877428,455661.83774298424,6841.974224879203,1.6874265747997258e+07,8380.652319029487
2019-11-05 21:49:18.863362206,RCA=wally178-instance-000002fb anomaly=mem_leak_vod component=wally178-instance-000002fb group=backend host=vod-video-2 index=0 injected=wally178-instance-000002fb layer=virtual node=wally178 target=wally178-instance-000002fb|mem_leak_vod vm=instance-000002fb,1.5216201728e+10,1.7179869184e+10,1.7179869184e+10,52.668426345335526,33.994342049697934,0.9998336046920063,0,5.998985295633185,323529.23911745776,38.09700019448318,2.097152e+06,2.097152e+06,2.047976e+06,96.05542252448271,1.967192e+06,1.6309080676141359e+07,0,0,14953.10830502437,444666.0142725292,6710.7734536989365,1.5864410730271237e+07,8242.332168716453
2019-11-05 21:49:19.363445148,RCA=wally178-instance-000002fb anomaly=mem_leak_vod component=wally178-instance-000002fb group=backend host=vod-video-2 index=0 injected=wally178-instance-000002fb layer=virtual node=wally178 target=wally178-instance-000002fb|mem_leak_vod vm=instance-000002fb,1.5216201728e+10,1.7179869184e+10,1.7179869184e+10,53.039849756372284,34.01955714032913,1.3341001723335906,0,22.996070822351083,2.4530850057217674e+06,37.88593167302531,2.097152e+06,2.097152e+06,2.047976e+06,96.05542252448271,1.967192e+06,1.814078429877877e+07,0,0,14682.680473099666,441726.16786111664,6608.201977007256,1.7699046183891963e+07,8074.47406519178
2019-11-05 21:49:19.86350108,RCA=wally178-instance-000002fb anomaly=mem_leak_vod component=wally178-instance-000002fb group=backend host=vod-video-2 index=0 injected=wally178-instance-000002fb layer=virtual node=wally178 target=wally178-instance-000002fb|mem_leak_vod vm=instance-000002fb,1.5216201728e+10,1.7179869184e+10,1.7179869184e+10,52.996473831385536,36.96594401509777,3.996318044321998,0,26.995575776072787,3.104260099588066e+06,36.9307470200191,2.097152e+06,2.097152e+06,2.047976e+06,96.05542252448271,1.967192e+06,1.847988097369147e+07,0,0,14605.468374930686,441544.4714854073,6555.891622621061,1.8038328356771577e+07,8049.576626949573
2019-11-05 21:49:20.363559677,RCA=wally178-instance-000002fb anomaly=mem_leak_vod component=wally178-instance-000002fb group=backend host=vod-video-2 index=0 injected=wally178-instance-000002fb layer=virtual node=wally178 target=wally178-instance-000002fb|mem_leak_vod vm=instance-000002fb,1.5216201728e+10,1.7179869184e+10,1.7179869184e+10,52.74492310877551,40.93847998577074,3.9939979397161327,0,10.998231781281829,1.3146046365519306e+06,37.9224639955719,2.097152e+06,2.097152e+06,2.047976e+06,96.05542252448271,1.967192e+06,1.6872524161974777e+07,0,0,14617.14943662258,433725.3320089899,6497.066279616529,1.6438806066738997e+07,8120.084120038892
2019-11-05 21:49:20.863674553,RCA=wally178-instance-000002fb anomaly=mem_leak_vod component=wally178-instance-000002fb group=backend host=vod-video-2 index=0 injected=wally178-instance-000002fb layer=virtual node=wally178 target=wally178-instance-000002fb|mem_leak_vod vm=instance-000002fb,1.5216201728e+10,1.7179869184e+10,1.7179869184e+10,54.35018623124858,40.97703417533423,1.99887956004469,0,9.998304177630128,1.183543060426287e+06,38.95948023154466,2.097152e+06,2.097152e+06,2.047976e+06,96.05542252448271,1.967192e+06,1.763552816468971e+07,0,0,14793.55205525682,442428.72322835925,6578.316278443472,1.719310194808768e+07,8215.235898714069
2019-11-05 21:49:21.363728148,RCA=wally178-instance-000002fb anomaly=mem_leak_vod component=wally178-instance-000002fb group=backend host=vod-video-2 index=0 injected=wally178-instance-000002fb layer=virtual node=wally178 target=wally178-instance-000002fb|mem_leak_vod vm=instance-000002fb,1.5216201728e+10,1.7179869184e+10,1.7179869184e+10,54.625026844005475,34.9574467195976,1.997568535607636,0,8.998542560052805,1.1794570069884874e+06,39.29556262192044,2.097152e+06,2.097152e+06,2.047976e+06,96.05542252448271,1.967192e+06,1.8365324845116243e+07,0,0,15013.4989442133,443944.6240188921,6635.09772666313,1.7921389039715633e+07,8378.40390665307
2019-11-05 21:49:21.863840886,RCA=wally178-instance-000002fb anomaly=mem_leak_vod component=wally178-instance-000002fb group=backend host=vod-video-2 index=0 injected=wally178-instance-000002fb layer=virtual node=wally178 target=wally178-instance-000002fb|mem_leak_vod vm=instance-000002fb,1.5216201728e+10,1.7179869184e+10,1.7179869184e+10,55.46933692368092,38.00395471686381,2.0002082990253163,0,9.99848752879152,1.3105218543377116e+06,39.48655252927404,2.097152e+06,2.097152e+06,2.047976e+06,96.05542252448271,1.967192e+06,2.0664212334639467e+07,0,0,15530.866386531581,464241.14660710713,6954.492426370261,2.0199972280823667e+07,8576.374362066661
2019-11-05 21:49:22.363897337,RCA=wally178-instance-000002fb anomaly=mem_leak_vod component=wally178-instance-000002fb group=backend host=vod-video-2 index=0 injected=wally178-instance-000002fb layer=virtual node=wally178 target=wally178-instance-000002fb|mem_leak_vod vm=instance-000002fb,1.5216201728e+10,1.7179869184e+10,1.7179869184e+10,55.65893471627764,37.34548792031684,2.000651297358412,0,9.998187998394487,1.3104818697184897e+06,40.06937453901479,2.097152e+06,2.097152e+06,2.047976e+06,96.05542252448271,1.967192e+06,2.0234669943784554e+07,0,0,15498.257858415125,459994.7244871669,6904.81350406994,1.9774674626436424e+07,8593.44357207592
2019-11-05 21:49:22.863972899,RCA=wally178-instance-000002fb anomaly=mem_leak_vod component=wally178-instance-000002fb group=backend host=vod-video-2 index=0 injected=wally178-instance-000002fb layer=virtual node=wally178 target=wally178-instance-000002fb|mem_leak_vod vm=instance-000002fb,1.5216201728e+10,1.7179869184e+10,1.7179869184e+10,56.36273174053839,36.96705403726564,1.998219179074732,0,11.997955440411355,1.3186874618111276e+06,40.825872265771345,2.097152e+06,2.097152e+06,2.047976e+06,96.05542252448271,1.967192e+06,2.06559089423559e+07,0,0,15637.693053168698,469662.56934423686,6982.852426268302,2.0186244608359262e+07,8654.84069954051
2019-11-05 21:49:23.364071428,RCA=wally178-instance-000002fb anomaly=mem_leak_vod component=wally178-instance-000002fb group=backend host=vod-video-2 index=0 injected=wally178-instance-000002fb layer=virtual node=wally178 target=wally178-instance-000002fb|mem_leak_vod vm=instance-000002fb,1.5216201728e+10,1.7179869184e+10,1.7179869184e+10,56.715557656893544,37.936947957881145,3.9933626758235032,0,14.997712863785987,1.5890064185871629e+06,39.97315075415514,2.097152e+06,2.097152e+06,2.047976e+06,96.05542252448271,1.967192e+06,1.947388905454861e+07,0,0,15475.3365878359,455179.5877977809,6800.356372879484,1.9018710290509798e+07,8674.980817720074
2019-11-05 21:49:23.864251792,RCA=wally178-instance-000002fb anomaly=mem_leak_vod component=wally178-instance-000002fb group=backend host=vod-video-2 index=0 injected=wally178-instance-000002fb layer=virtual node=wally178 target=wally178-instance-000002fb|mem_leak_vod vm=instance-000002fb,1.5216242688e+10,1.7179869184e+10,1.7179869184e+10,57.96413994218401,35.79164125112164,4.971060948802304,0,21.99387930133535,2.1334225245221285e+06,40.95502892094307,2.097152e+06,2.097152e+06,2.047976e+06,96.05542252448271,1.967192e+06,1.932916362656547e+07,0,0,15649.780362977926,459358.94407652377,6877.307065178619,1.8869802761308864e+07,8772.469305261218
2019-11-05 21:49:24.364379621,RCA=wally178-instance-000002fb anomaly=mem_leak_vod component=wally178-instance-000002fb group=backend host=vod-video-2 index=0 injected=wally178-instance-000002fb layer=virtual node=wally178 target=wally178-instance-000002fb|mem_leak_vod vm=instance-000002fb,1.5216242688e+10,1.7179869184e+10,1.7179869184e+10,59.1447250629483,31.92193806074432,3.9902423969108356,0,21.993984689175477,2.11295695048659e+06,41.71016316688108,2.097152e+06,2.097152e+06,2.047976e+06,96.05542252448271,1.967192e+06,2.0198944994245075e+07,0,0,16056.061669128083,469528.17124225624,7032.047687653877,1.9729418718715265e+07,9024.013166554334
2019-11-05 21:49:24.864453249,RCA=wally178-instance-000002fb anomaly=mem_leak_vod component=wally178-instance-000002fb group=backend host=vod-video-2 index=0 injected=wally178-instance-000002fb layer=virtual node=wally178 target=wally178-instance-000002fb|mem_leak_vod vm=instance-000002fb,1.5216242688e+10,1.7179869184e+10,1.7179869184e+10,59.48492290860932,33.28164079916257,2.6625312922892963,0,19.996682090517496,1.9575622772975562e+06,41.91088552673807,2.097152e+06,2.097152e+06,2.047976e+06,96.05542252448271,1.967192e+06,1.9981517956131242e+07,0,0,16116.09355575025,476132.2975692897,7079.994442483521,1.9505384400349643e+07,9036.099211030762
2019-11-05 21:49:25.364536952,RCA=wally178-instance-000002fb anomaly=mem_leak_vod component=wally178-instance-000002fb group=backend host=vod-video-2 index=0 injected=wally178-instance-000002fb layer=virtual node=wally178 target=wally178-instance-000002fb|mem_leak_vod vm=instance-000002fb,1.5216242688e+10,1.7179869184e+10,1.7179869184e+10,60.83996839662758,34.72158419920167,2.0031683419232507,0,18.99655235370643,1.9698184937019409e+06,42.11701924593952,2.097152e+06,2.097152e+06,2.047976e+06,96.05542252448271,1.967192e+06,2.09664857014835e+07,0,0,16464.469483057946,484518.26942023856,7207.305813067767,2.0481965788874913e+07,9257.16368034815
2019-11-05 21:49:25.864565392,RCA=wally178-instance-000002fb anomaly=mem_leak_vod component=wally178-instance-000002fb group=backend host=vod-video-2 index=0 injected=wally178-instance-000002fb layer=virtual node=wally178 target=wally178-instance-000002fb|mem_leak_vod vm=instance-000002fb,1.5216242688e+10,1.7179869184e+10,1.7179869184e+10,60.974021322689744,33.95097692822719,1.99711628191877,0,12.998116624893521,1.7036900553036164e+06,42.94975106758773,2.097152e+06,2.097152e+06,2.047976e+06,96.05542252448271,1.967192e+06,2.0014982883701704e+07,0,0,16210.76648382183,481647.3085235022,7159.07008024205,1.9533333373919908e+07,9051.69886840317
2019-11-05 21:49:26.364656751,RCA=wally178-instance-000002fb anomaly=mem_leak_vod component=wally178-instance-000002fb group=backend host=vod-video-2 index=0 injected=wally178-instance-000002fb layer=virtual node=wally178 target=wally178-instance-000002fb|mem_leak_vod vm=instance-000002fb,1.5216242688e+10,1.7179869184e+10,1.7179869184e+10,59.648783311954126,33.36060373645367,2.001636178779682,0,13.998258308704713,1.8347806504948165e+06,40.8177080749197,2.097152e+06,2.097152e+06,2.047976e+06,96.05542252448271,1.967192e+06,1.9280783999453094e+07,0,0,15637.164346903819,455843.43996369874,6818.369044890369,1.8824943695135497e+07,8818.796081605773
2019-11-05 21:49:26.864734814,RCA=wally178-instance-000002fb anomaly=mem_leak_vod component=wally178-instance-000002fb group=backend host=vod-video-2 index=0 injected=wally178-instance-000002fb layer=virtual node=wally178 target=wally178-instance-000002fb|mem_leak_vod vm=instance-000002fb,1.5216242688e+10,1.7179869184e+10,1.7179869184e+10,59.444710882211616,33.33097014532938,3.333097025642474,0,13.997860063144985,1.8347273967919347e+06,41.91289190585543,2.097152e+06,2.097152e+06,2.047976e+06,96.05542252448271,1.967192e+06,1.979405245731147e+07,0,0,15921.113601601315,470524.591696505,6935.16348891407,1.9323527131851014e+07,8985.946423287194
2019-11-05 21:49:27.364810005,RCA=wally178-instance-000002fb anomaly=mem_leak_vod component=wally178-instance-000002fb group=backend host=vod-video-2 index=0 injected=wally178-instance-000002fb layer=virtual node=wally178 target=wally178-instance-000002fb|mem_leak_vod vm=instance-000002fb,1.5216242688e+10,1.7179869184e+10,1.7179869184e+10,60.75834414210838,35.968025073134434,4.995559227597982,0,12.997775027872953,1.7036441742711684e+06,41.409554354076185,2.097152e+06,2.097152e+06,2.047976e+06,96.05542252448271,1.967192e+06,1.9633084181227315e+07,0,0,15954.845039702896,468672.314222903,6961.446865729486,1.9164414831994627e+07,8993.396300342563
2019-11-05 21:49:27.864890177,RCA=wally178-instance-000002fb anomaly=mem_leak_vod component=wally178-instance-000002fb group=backend host=vod-video-2 index=0 injected=wally178-instance-000002fb layer=virtual node=wally178 target=wally178-instance-000002fb|mem_leak_vod vm=instance-000002fb,1.5216242688e+10,1.7179869184e+10,1.7179869184e+10,60.08883777790165,36.68150401713523,4.668555246657707,0,14.997529951809527,1.8469914034127062e+06,41.96322691088314,2.097152e+06,2.097152e+06,2.047976e+06,96.05542252448271,1.967192e+06,1.9109858307559017e+07,0,0,16010.936377437445,471958.16946001665,7048.177369136526,1.8637903374145336e+07,8962.761997634921
2019-11-05 21:49:28.36496971,RCA=wally178-instance-000002fb anomaly=mem_leak_vod component=wally178-instance-000002fb group=backend host=vod-video-2 index=0 injected=wally178-instance-000002fb layer=virtual node=wally178 target=wally178-instance-000002fb|mem_leak_vod vm=instance-000002fb,1.5216242688e+10,1.7179869184e+10,1.7179869184e+10,59.28182918182069,37.391587657034506,4.673949627440009,0,14.997565700118518,1.8469955750877385e+06,42.94098603113347,2.097152e+06,2.097152e+06,2.047976e+06,96.05542252448271,1.967192e+06,1.9816272614092544e+07,0,0,16315.048826418599,474033.9416838726,7150.299302304211,1.934223477185847e+07,9164.748643006384
2019-11-05 21:49:28.865052347,RCA=wally178-instance-000002fb anomaly=mem_leak_vod component=wally178-instance-000002fb group=backend host=vod-video-2 index=0 injected=wally178-instance-000002fb layer=virtual node=wally178 target=wally178-instance-000002fb|mem_leak_vod vm=instance-000002fb,1.5216242688e+10,1.7179869184e+10,1.7179869184e+10,45.55230675196394,28.983330237613835,5.996550730051118,0,9.998325860321296,1.0688770806654673e+06,32.91173497241779,2.097152e+06,2.097152e+06,2.047976e+06,96.64546850158399,1.979276e+06,1.5140845516009776e+07,0,0,12296.956409325236,364611.01693515776,5424.569544488662,1.4776226571198197e+07,6872.382582670649
2019-11-05 21:49:29.365157843,RCA=wally178-instance-000002fb anomaly=mem_leak_vod component=wally178-instance-000002fb group=backend host=vod-video-2 index=0 injected=wally178-instance-000002fb layer=virtual node=wally178 target=wally178-instance-000002fb|mem_leak_vod vm=instance-000002fb,1.5216246784e+10,1.7179869184e+10,1.7179869184e+10,51.58040872257082,25.96382610698705,4.9930419214651325,0,17.996698469672342,1.99029146020644e+06,38.098514733012465,2.097152e+06,2.097152e+06,2.047976e+06,96.64546850158399,1.979276e+06,2.0913625650193088e+07,0,0,15363.4848997945,452884.2343246507,6756.323593198759,2.0460742197424635e+07,8607.16035558704
2019-11-05 21:49:29.865235428,RCA=wally178-instance-000002fb anomaly=mem_leak_vod component=wally178-instance-000002fb group=backend host=vod-video-2 index=0 injected=wally178-instance-000002fb layer=virtual node=wally178 target=wally178-instance-000002fb|mem_leak_vod vm=instance-000002fb,1.5216324608e+10,1.7179869184e+10,1.7179869184e+10,53.801224302079284,29.993774112324108,5.332225414201221,0,26.995262169517677,2.838029202177571e+06,37.973207977795795,2.097152e+06,2.097152e+06,2.047976e+06,96.64546850158399,1.979276e+06,2.0828572745772935e+07,0,0,15308.035965376426,458518.6390869869,6811.27294597142,2.03700550780865e+07,8496.763272030372
2019-11-05 21:49:30.365330147,RCA=wally178-instance-000002fb anomaly=mem_leak_vod component=wally178-instance-000002fb group=backend host=vod-video-2 index=0 injected=wally178-instance-000002fb layer=virtual node=wally178 target=wally178-instance-000002fb|mem_leak_vod vm=instance-000002fb,1.5216324608e+10,1.7179869184e+10,1.7179869184e+10,62.26526243215975,38.96746396009666,5.994994030110008,0,22.996220295239834,2.158237013176073e+06,44.946520248043306,2.097152e+06,2.097152e+06,2.047976e+06,96.64546850158399,1.979276e+06,2.582609032254571e+07,0,0,17706.944294541354,533633.4946691011,7952.37462586248,2.5292448336264286e+07,9754.566018306234
2019-11-05 21:49:30.865382678,RCA=wally178-instance-000002fb anomaly=mem_leak_vod component=wally178-instance-000002fb group=backend host=vod-video-2 index=0 injected=wally178-instance-000002fb layer=virtual node=wally178 target=wally178-instance-000002fb|mem_leak_vod vm=instance-000002fb,1.5216324608e+10,1.7179869184e+10,1.7179869184e+10,60.88359740474808,38.705713738997034,5.338718954713637,0,17.99720643762234,1.9084396689388454e+06,44.84969360722514,2.097152e+06,2.097152e+06,2.047976e+06,96.64546850158399,1.979276e+06,2.4888700269159786e+07,0,0,17485.534638965353,521053.76508541446,7807.824238929664,2.4367647148200445e+07,9677.710478925224
2019-11-05 21:49:31.365507414,RCA=wally178-instance-000002fb anomaly=mem_leak_vod component=wally178-instance-000002fb group=backend host=vod-video-2 index=0 injected=wally178-instance-000002fb layer=virtual node=wally178 target=wally178-instance-000002fb|mem_leak_vod vm=instance-000002fb,1.5216324608e+10,1.7179869184e+10,1.7179869184e+10,61.78030617035637,40.0058302896831,4.000582908933329,0,14.997737441329601,1.7978721850979517e+06,42.89621809104464,2.097152e+06,2.097152e+06,2.047976e+06,96.64546850158399,1.979276e+06,2.404326982008328e+07,0,0,17410.998781384824,518120.6278004782,7743.706437324219,2.3525152988865837e+07,9667.294903436275
2019-11-05 21:49:31.865548896,RCA=wally178-instance-000002fb anomaly=mem_leak_vod component=wally178-instance-000002fb group=backend host=vod-video-2 index=0 injected=wally178-instance-000002fb layer=virtual node=wally178 target=wally178-instance-000002fb|mem_leak_vod vm=instance-000002fb,1.5216324608e+10,1.7179869184e+10,1.7179869184e+10,61.1972974872528,38.988090814744005,2.999083899831957,0,13.997615436222361,1.834695474303516e+06,42.67451940412998,2.097152e+06,2.097152e+06,2.047976e+06,96.64546850158399,1.979276e+06,2.150574139833655e+07,0,0,16892.590727951843,499835.28955448465,7471.107808376697,2.1005912265631206e+07,9421.48629294792
2019-11-05 21:49:32.365638066,RCA=wally178-instance-000002fb anomaly=mem_leak_vod component=wally178-instance-000002fb group=backend host=vod-video-2 index=0 injected=wally178-instance-000002fb layer=virtual node=wally178 target=wally178-instance-000002fb|mem_leak_vod vm=instance-000002fb,1.5216324608e+10,1.7179869184e+10,1.7179869184e+10,60.102438491205824,39.90172197896237,2.992629196186601,0,12.997960593986882,1.703669597185088e+06,41.99747943727662,2.097152e+06,2.097152e+06,2.047976e+06,96.64546850158399,1.979276e+06,2.2631430435470354e+07,0,0,17079.686909824133,499790.02774319885,7489.466256280935,2.213163291096638e+07,9590.216096766226
2019-11-05 21:49:32.865741542,RCA=wally178-instance-000002fb anomaly=mem_leak_vod component=wally178-instance-000002fb group=backend host=vod-video-2 index=0 injected=wally178-instance-000002fb layer=virtual node=wally178 target=wally178-instance-000002fb|mem_leak_vod vm=instance-000002fb,1.5216324608e+10,1.7179869184e+10,1.7179869184e+10,59.621609765494675,40.959166618981705,1.9980080758587322,0,12.998009965680225,1.7036744859664042e+06,42.85367142501543,2.097152e+06,2.097152e+06,2.047976e+06,96.64546850158399,1.979276e+06,2.1864065245176982e+07,0,0,16878.260482789734,490863.4824809736,7350.997429919871,2.137318954951742e+07,9527.258719513718
2019-11-05 21:49:33.365793731,RCA=wally178-instance-000002fb anomaly=mem_leak_vod component=wally178-instance-000002fb group=backend host=vod-video-2 index=0 injected=wally178-instance-000002fb layer=virtual node=wally178 target=wally178-instance-000002fb|mem_leak_vod vm=instance-000002fb,1.5216324608e+10,1.7179869184e+10,1.7179869184e+10,59.01251746714623,36.66135763770353,2.6662805536920846,0,61.989846497072705,5.479548701946585e+06,42.92309224900121,2.097152e+06,2.097152e+06,2.047976e+06,96.64546850158399,1.979276e+06,2.373156080590934e+07,0,0,16279.120207717746,470684.5544350527,7032.126649825386,2.3260867456160396e+07,9246.989279234995
2019-11-05 21:49:33.86585639,RCA=wally178-instance-000002fb anomaly=mem_leak_vod component=wally178-instance-000002fb group=backend host=vod-video-2 index=0 injected=wally178-instance-000002fb layer=virtual node=wally178 target=wally178-instance-000002fb|mem_leak_vod vm=instance-000002fb,1.5216324608e+10,1.7179869184e+10,1.7179869184e+10,56.44871193970554,31.980486338728753,2.9981707021241473,0,60.991029378408,5.197061736560975e+06,41.409408904965815,2.097152e+06,2.097152e+06,2.047976e+06,96.64546850158399,1.979276e+06,2.26676153892425e+07,0,0,15816.293198045136,458898.575800214,6858.096686939903,2.2208716662757136e+07,8958.19681067701
2019-11-05 21:49:34.365910061,RCA=wally178-instance-000002fb anomaly=mem_leak_vod component=wally178-instance-000002fb group=backend host=vod-video-2 index=0 injected=wally178-instance-000002fb layer=virtual node=wally178 target=wally178-instance-000002fb|mem_leak_vod vm=instance-000002fb,1.5216324608e+10,1.7179869184e+10,1.7179869184e+10,56.70414175309144,32.712206113890765,4.0055762748884085,0,17.99768080085432,1.699621387898603e+06,40.74025769535381,2.097152e+06,2.097152e+06,2.047976e+06,96.64546850158399,1.979276e+06,2.1788732676237434e+07,0,0,15480.602431853255,452911.7693377778,6766.055764002438,2.1335822637429763e+07,8714.546148379752
2019-11-05 21:49:34.865994621,RCA=wally178-instance-000002fb anomaly=mem_leak_vod component=wally178-instance-000002fb group=backend host=vod-video-2 index=0 injected=wally178-instance-000002fb layer=virtual node=wally178 target=wally178-instance-000002fb|mem_leak_vod vm=instance-000002fb,1.5216340992e+10,1.7179869184e+10,1.7179869184e+10,58.03876870758341,33.96759104583689,3.99618709403085,0,31.99536227223864,2.8954530597922313e+06,41.91441361757305,2.097152e+06,2.097152e+06,2.047976e+06,96.64546850158399,1.979276e+06,2.0328301329578433e+07,0,0,15934.311073468918,467391.49388681253,6993.625981094428,1.9860918979471605e+07,8940.689255616095
2019-11-05 21:49:35.3660928,RCA=wally178-instance-000002fb anomaly=mem_leak_vod component=wally178-instance-000002fb group=backend host=vod-video-2 index=0 injected=wally178-instance-000002fb layer=virtual node=wally178 target=wally178-instance-000002fb|mem_leak_vod vm=instance-000002fb,1.5216340992e+10,1.7179869184e+10,1.7179869184e+10,57.24305416527537,34.93515755276946,2.994441935473635,0,31.99493376221342,3.014178454664892e+06,40.85842592190643,2.097152e+06,2.097152e+06,2.047976e+06,96.64546850158399,1.979276e+06,1.9491238134471286e+07,0,0,15812.594533530284,466081.2900577078,6958.2079089142535,1.90251589018762e+07,8854.386355228136
2019-11-05 21:49:35.866147938,RCA=wally178-instance-000002fb anomaly=mem_leak_vod component=wally178-instance-000002fb group=backend host=vod-video-2 index=0 injected=wally178-instance-000002fb layer=virtual node=wally178 target=wally178-instance-000002fb|mem_leak_vod vm=instance-000002fb,1.5216340992e+10,1.7179869184e+10,1.7179869184e+10,58.03986624257191,33.96693543017646,3.330091555805588,0,36.99477766920511,2.924131513236348e+06,41.823855486709284,2.097152e+06,2.097152e+06,2.047976e+06,96.64546850158399,1.979276e+06,2.037618872656432e+07,0,0,15851.843910266383,478212.17106486735,7062.1798797299125,1.9897970628264923e+07,8789.660233380037
2019-11-05 21:49:36.366246621,RCA=wally178-instance-000002fb anomaly=mem_leak_vod component=wally178-instance-000002fb group=backend host=vod-video-2 index=0 injected=wally178-instance-000002fb layer=virtual node=wally178 target=wally178-instance-000002fb|mem_leak_vod vm=instance-000002fb,1.5216340992e+10,1.7179869184e+10,1.7179869184e+10,57.00832945422817,32.97192611944945,3.996597225183728,0,37.993910525990444,2.9240760162539785e+06,40.64519830646997,2.097152e+06,2.097152e+06,2.047976e+06,96.64546850158399,1.979276e+06,1.9804152096613094e+07,0,0,15563.536004779844,470281.30341194535,6941.950996827758,1.9333862807390746e+07,8621.583847510137
2019-11-05 21:49:36.866314131,RCA=wally178-instance-000002fb anomaly=mem_leak_vod component=wally178-instance-000002fb group=backend host=vod-video-2 index=0 injected=wally178-instance-000002fb layer=virtual node=wally178 target=wally178-instance-000002fb|mem_leak_vod vm=instance-000002fb,1.5216340992e+10,1.7179869184e+10,1.7179869184e+10,56.04722126399828,33.92118835899642,3.9907284841789328,0,31.994258022506955,2.9936382288158517e+06,41.29530129686575,2.097152e+06,2.097152e+06,2.047976e+06,96.64546850158399,1.979276e+06,1.9816004211602245e+07,0,0,15634.74464797784,466562.2722284365,6938.574559678989,1.934943910682422e+07,8696.169658714936
2019-11-05 21:49:37.366590673,RCA=wally178-instance-000002fb anomaly=mem_leak_vod component=wally178-instance-000002fb group=backend host=vod-video-2 index=0 injected=wally178-instance-000002fb layer=virtual node=wally178 target=wally178-instance-000002fb|mem_leak_vod vm=instance-000002fb,1.5216340992e+10,1.7179869184e+10,1.7179869184e+10,57.965791149272995,32.67428255874778,4.950648887242897,0,31.989176973797747,2.8498498666969915e+06,41.65916070258996,2.097152e+06,2.097152e+06,2.047976e+06,96.64546850158399,1.979276e+06,1.8942170509663276e+07,0,0,15636.48795024446,455359.34171618515,6873.618731664733,1.848681820103578e+07,8762.870977054165
2019-11-05 21:49:37.866706358,RCA=wally178-instance-000002fb anomaly=mem_leak_vod component=wally178-instance-000002fb group=backend host=vod-video-2 index=0 injected=wally178-instance-000002fb layer=virtual node=wally178 target=wally178-instance-000002fb|mem_leak_vod vm=instance-000002fb,1.5216340992e+10,1.7179869184e+10,1.7179869184e+10,59.45797101059521,29.925505153225355,4.98758423698102,0,28.98961786118652,2.743337462714379e+06,42.05005341204459,2.097152e+06,2.097152e+06,2.047976e+06,96.64546850158399,1.979276e+06,1.991784230495918e+07,0,0,15837.01938946314,463556.20506074774,6963.773068163064,1.945429557040218e+07,8873.250119796394
2019-11-05 21:49:38.366783164,RCA=wally178-instance-000002fb anomaly=mem_leak_vod component=wally178-instance-000002fb group=backend host=vod-video-2 index=0 injected=wally178-instance-000002fb layer=virtual node=wally178 target=wally178-instance-000002fb|mem_leak_vod vm=instance-000002fb,1.5216340992e+10,1.7179869184e+10,1.7179869184e+10,60.238533933264605,31.967906204181183,5.327984512849049,0,38.99270879237562,3.7921894354721936e+06,42.08691787473696,2.097152e+06,2.097152e+06,2.047976e+06,96.64546850158399,1.979276e+06,2.0387846224715486e+07,0,0,16061.211536723455,477131.00565117423,7095.743475493579,1.9910712486925118e+07,8965.468621483624
2019-11-05 21:49:38.866879915,RCA=wally178-instance-000002fb anomaly=mem_leak_vod component=wally178-instance-000002fb group=backend host=vod-video-2 index=0 injected=wally178-instance-000002fb layer=virtual node=wally178 target=wally178-instance-000002fb|mem_leak_vod vm=instance-000002fb,1.5216369664e+10,1.7179869184e+10,1.7179869184e+10,53.09006602175019,25.469755353870934,5.362053783867338,0,48.992019591944626,4.193620368588374e+06,34.7513718660066,2.097152e+06,2.097152e+06,2.047976e+06,96.65425766708204,1.979456e+06,1.9392600026417293e+07,0,0,13297.260737663717,393858.1862307426,5828.540851134141,1.8998734225256417e+07,7468.716553514154
2019-11-05 21:49:39.366968915,RCA=wally178-instance-000002fb anomaly=mem_leak_vod component=wally178-instance-000002fb group=backend host=vod-video-2 index=0 injected=wally178-instance-000002fb layer=virtual node=wally178 target=wally178-instance-000002fb|mem_leak_vod vm=instance-000002fb,1.5216369664e+10,1.7179869184e+10,1.7179869184e+10,54.37523631607001,28.042649336266646,4.673774845689431,0,41.99314600468855,3.440070472252825e+06,39.31412720277096,2.097152e+06,2.097152e+06,2.047976e+06,96.65425766708204,1.979456e+06,2.061504520722058e+07,0,0,14851.487344979882,436718.204972253,6509.3922529206575,2.0178325978275456e+07,8342.094809049362
2019-11-05 21:49:39.86704202,RCA=wally178-instance-000002fb anomaly=mem_leak_vod component=wally178-instance-000002fb group=backend host=vod-video-2 index=0 injected=wally178-instance-000002fb layer=virtual node=wally178 target=wally178-instance-000002fb|mem_leak_vod vm=instance-000002fb,1.5216369664e+10,1.7179869184e+10,1.7179869184e+10,64.39185509356349,35.92889402405933,2.9940745348747124,0,39.993066562022406,3.616141926499839e+06,39.33324339131678,2.097152e+06,2.097152e+06,2.047976e+06,96.65425766708204,1.979456e+06,2.0769276775086973e+07,0,0,15000.634061169176,432466.6054346788,6513.800743802472,2.0336815013050538e+07,8486.833225059356
2019-11-05 21:49:40.367149146,RCA=wally178-instance-000002fb anomaly=mem_leak_vod component=wally178-instance-000002fb group=backend host=vod-video-2 index=0 injected=wally178-instance-000002fb layer=virtual node=wally178 target=wally178-instance-000002fb|mem_leak_vod vm=instance-000002fb,1.5216369664e+10,1.7179869184e+10,1.7179869184e+10,55.88411794291791,32.022904040537355,2.0014315452613514,0,28.99505179144643,2.6824263990135e+06,35.87962586448371,2.097152e+06,2.097152e+06,2.047976e+06,96.65425766708204,1.979456e+06,1.7337596701099522e+07,0,0,13606.503086815188,395068.66699751,5932.881892059037,1.6942521968360327e+07,7673.618847896301
2019-11-05 21:49:40.86718589,RCA=wally178-instance-000002fb anomaly=mem_leak_vod component=wally178-instance-000002fb group=backend host=vod-video-2 index=0 injected=wally178-instance-000002fb layer=virtual node=wally178 target=wally178-instance-000002fb|mem_leak_vod vm=instance-000002fb,1.5216369664e+10,1.7179869184e+10,1.7179869184e+10,57.6784064199637,30.645208830153376,2.664800643569075,0,30.99512834070305,3.0510400713967695e+06,38.95138664399619,2.097152e+06,2.097152e+06,2.047976e+06,96.65425766708204,1.979456e+06,2.5617863141333744e+07,0,0,15138.213446110189,452682.9184766665,6658.65754950896,2.5165171507814012e+07,8479.554857831257
2019-11-05 21:49:41.367282077,RCA=wally178-instance-000002fb anomaly=mem_leak_vod component=wally178-instance-000002fb group=backend host=vod-video-2 index=0 injected=wally178-instance-000002fb layer=virtual node=wally178 target=wally178-instance-000002fb|mem_leak_vod vm=instance-000002fb,1.5216369664e+10,1.7179869184e+10,1.7179869184e+10,67.05004227359179,39.724756655351904,2.979356642632597,0,39.993455990776596,3.9765664875127617e+06,46.96543991745146,2.097152e+06,2.097152e+06,2.047976e+06,96.65425766708204,1.979456e+06,3.0363251735032786e+07,0,0,18463.44980577456,553938.4441907059,8153.625704176459,2.980931794473001e+07,10309.824655467506
2019-11-05 21:49:41.867393505,RCA=wally178-instance-000002fb anomaly=mem_leak_vod component=wally178-instance-000002fb group=backend host=vod-video-2 index=0 injected=wally178-instance-000002fb layer=virtual node=wally178 target=wally178-instance-000002fb|mem_leak_vod vm=instance-000002fb,1.5216369664e+10,1.7179869184e+10,1.7179869184e+10,66.205754358689,38.664443203419516,2.6665132372726696,0,33.99373896516992,3.0714330226783124e+06,44.94758190524419,2.097152e+06,2.097152e+06,2.047976e+06,96.65425766708204,1.979456e+06,2.7804690130249336e+07,0,0,18097.553992976787,535288.9470352945,7937.944102357128,2.72694001244973e+07,10159.609245503263
2019-11-05 21:49:42.367454856,RCA=wally178-instance-000002fb anomaly=mem_leak_vod component=wally178-instance-000002fb group=backend host=vod-video-2 index=0 injected=wally178-instance-000002fb layer=virtual node=wally178 target=wally178-instance-000002fb|mem_leak_vod vm=instance-000002fb,1.5216369664e+10,1.7179869184e+10,1.7179869184e+10,63.94868328831764,42.69760854190424,2.6686005979618757,0,35.99351774742128,3.0837335077105113e+06,45.280654544326936,2.097152e+06,2.097152e+06,2.047976e+06,96.65425766708204,1.979456e+06,2.2307869110648718e+07,0,0,17234.16604399619,500563.22656067443,7493.419597971454,2.1807304489741966e+07,9740.745044387215
2019-11-05 21:49:42.867947357,RCA=wally178-instance-000002fb anomaly=mem_leak_vod component=wally178-instance-000002fb group=backend host=vod-video-2 index=0 injected=wally178-instance-000002fb layer=virtual node=wally178 target=wally178-instance-000002fb|mem_leak_vod vm=instance-000002fb,1.5216369664e+10,1.7179869184e+10,1.7179869184e+10,63.13548911343055,38.89753186830859,3.353235636321261,0,31.980737586002366,2.6362373515513577e+06,44.119937697567494,2.097152e+06,2.097152e+06,2.047976e+06,96.65425766708204,1.979456e+06,2.2199575540283374e+07,0,0,17151.628878479783,495563.7646146626,7436.09444107669,2.170401086920153e+07,9715.533414207806
2019-11-05 21:49:43.368071442,RCA=wally178-instance-000002fb anomaly=mem_leak_vod component=wally178-instance-000002fb group=backend host=vod-video-2 index=0 injected=wally178-instance-000002fb layer=virtual node=wally178 target=wally178-instance-000002fb|mem_leak_vod vm=instance-000002fb,1.5216369664e+10,1.7179869184e+10,1.7179869184e+10,63.28202948218819,39.930054882233286,3.993005241089905,0,29.981718377383924,2.6116556030641105e+06,43.99738879897217,2.097152e+06,2.097152e+06,2.047976e+06,96.65425766708204,1.979456e+06,2.303879763220333e+07,0,0,17166.039265669704,500401.17096978857,7476.049593884395,2.253840048177527e+07,9689.98985697261
2019-11-05 21:49:43.868159782,RCA=wally178-instance-000002fb anomaly=mem_leak_vod component=wally178-instance-000002fb group=backend host=vod-video-2 index=0 injected=wally178-instance-000002fb layer=virtual node=wally178 target=wally178-instance-000002fb|mem_leak_vod vm=instance-000002fb,1.5216369664e+10,1.7179869184e+10,1.7179869184e+10,62.89065491783571,41.88335051295297,3.9888903460416127,0,28.994969024934548,2.760224913282252e+06,44.929909565727016,2.097152e+06,2.097152e+06,2.047976e+06,96.65425766708204,1.979456e+06,2.4125978299989875e+07,0,0,17341.747537306037,508373.7571332123,7515.420423616188,2.3617606967874777e+07,9826.328386253292
2019-11-05 21:49:44.368229473,RCA=wally178-instance-000002fb anomaly=mem_leak_vod component=wally178-instance-000002fb group=backend host=vod-video-2 index=0 injected=wally178-instance-000002fb layer=virtual node=wally178 target=wally178-instance-000002fb|mem_leak_vod vm=instance-000002fb,1.52164352e+10,1.7179869184e+10,1.7179869184e+10,62.14454004133619,40.60602943926883,3.3283630710081273,0,37.99396944519378,3.3131381155263367e+06,42.90147337717293,2.097152e+06,2.097152e+06,2.047976e+06,96.65425766708204,1.979456e+06,2.2378828839956246e+07,0,0,17123.16599803514,495370.376089549,7373.1390875233965,2.188345279777738e+07,9750.02618242754
2019-11-05 21:49:44.868291518,RCA=wally178-instance-000002fb anomaly=mem_leak_vod component=wally178-instance-000002fb group=backend host=vod-video-2 index=0 injected=wally178-instance-000002fb layer=virtual node=wally178 target=wally178-instance-000002fb|mem_leak_vod vm=instance-000002fb,1.52164352e+10,1.7179869184e+10,1.7179869184e+10,49.85284808554256,30.723658766925166,2.6716226460074886,0,28.995154126876233,2.3834735809396836e+06,36.05466230526592,2.097152e+06,2.097152e+06,2.047976e+06,96.65425766708204,1.979456e+06,1.79648297405536e+07,0,0,13846.375519280511,400115.75630839105,5967.885617118175,1.7564711359777585e+07,7878.489114093728
2019-11-05 21:49:45.368360601,RCA=wally178-instance-000002fb anomaly=mem_leak_vod component=wally178-instance-000002fb group=backend host=vod-video-2 index=0 injected=wally178-instance-000002fb layer=virtual node=wally178 target=wally178-instance-000002fb|mem_leak_vod vm=instance-000002fb,1.52164352e+10,1.7179869184e+10,1.7179869184e+10,51.50309013123666,31.35834725977551,2.0015966763375097,0,39.99372594424877,3.3786704069283954e+06,33.997782460641226,2.097152e+06,2.097152e+06,2.047976e+06,96.65425766708204,1.979456e+06,2.2498943427955687e+07,0,0,15084.184326113307,428443.17033245653,6453.780242906311,2.2070500621186525e+07,8630.403243416873
2019-11-05 21:49:45.868457352,RCA=wally178-instance-000002fb anomaly=mem_leak_vod component=wally178-instance-000002fb group=backend host=vod-video-2 index=0 injected=wally178-instance-000002fb layer=virtual node=wally178 target=wally178-instance-000002fb|mem_leak_vod vm=instance-000002fb,1.52164352e+10,1.7179869184e+10,1.7179869184e+10,51.81928828296323,28.86398984911205,2.6850223277663328,0,49.992847123419274,4.484478262191724e+06,37.46980490753249,2.097152e+06,2.097152e+06,2.047976e+06,96.65425766708204,1.979456e+06,2.3035606283647027e+07,0,0,15358.000085723861,436188.64553428814,6567.284991286749,2.2599421016802095e+07,8790.718013693398
2019-11-05 21:49:46.368572732,RCA=wally178-instance-000002fb anomaly=mem_leak_vod component=wally178-instance-000002fb group=backend host=vod-video-2 index=0 injected=wally178-instance-000002fb layer=virtual node=wally178 target=wally178-instance-000002fb|mem_leak_vod vm=instance-000002fb,1.52164352e+10,1.7179869184e+10,1.7179869184e+10,62.55720617230093,30.966716261128063,4.994631176050871,0,35.99427547042918,3.5547613248329246e+06,45.323270962869294,2.097152e+06,2.097152e+06,2.047976e+06,96.65425766708204,1.979456e+06,2.329901594979979e+07,0,0,17695.590834465136,509059.4112408227,7674.016053460189,2.2789949814801626e+07,10021.574125509544
2019-11-05 21:49:46.868611743,RCA=wally178-instance-000002fb anomaly=mem_leak_vod component=wally178-instance-000002fb group=backend host=vod-video-2 index=0 injected=wally178-instance-000002fb layer=virtual node=wally178 target=wally178-instance-000002fb|mem_leak_vod vm=instance-000002fb,1.52164352e+10,1.7179869184e+10,1.7179869184e+10,66.64543608414178,33.63197524990497,4.945878414788398,0,39.99334602706806,3.7267414317304194e+06,46.81760264640344,2.097152e+06,2.097152e+06,2.047976e+06,96.65425766708204,1.979456e+06,2.798064970638125e+07,0,0,18458.55497072787,541852.0311397488,8015.789360092078,2.743879451017568e+07,10442.759845596362
2019-11-05 21:49:47.368698275,RCA=wally178-instance-000002fb anomaly=mem_leak_vod component=wally178-instance-000002fb group=backend host=vod-video-2 index=0 injected=wally178-instance-000002fb layer=virtual node=wally178 target=wally178-instance-000002fb|mem_leak_vod vm=instance-000002fb,1.52164352e+10,1.7179869184e+10,1.7179869184e+10,54.70940194309828,27.163621347225103,3.9751638204265136,0,35.993691205773914,2.8298407523997636e+06,38.65712528923137,2.097152e+06,2.097152e+06,2.047976e+06,96.65425766708204,1.979456e+06,2.3434611223230492e+07,0,0,15187.14728437178,442197.6374805777,6565.560895025011,2.2992410054172028e+07,8621.583265020708
2019-11-05 21:49:47.868728206,RCA=wally178-instance-000002fb anomaly=mem_leak_vod component=wally178-instance-000002fb group=backend host=vod-video-2 index=0 injected=wally178-instance-000002fb layer=virtual node=wally178 target=wally178-instance-000002fb|mem_leak_vod vm=instance-000002fb,1.52164352e+10,1.7179869184e+10,1.7179869184e+10,57.51886451348865,26.679220378167994,4.001883299620412,0,41.99488657662577,3.3009729016941097e+06,40.68742286719329,2.097152e+06,2.097152e+06,2.047976e+06,96.65425766708204,1.979456e+06,2.8432284731028236e+07,0,0,16961.535737478614,485044.842659928,7207.265928689108,2.7947240848724667e+07,9754.270087117262
2019-11-05 21:49:48.368842659,RCA=wally178-instance-000002fb anomaly=mem_leak_vod component=wally178-instance-000002fb group=backend host=vod-video-2 index=0 injected=wally178-instance-000002fb layer=virtual node=wally178 target=wally178-instance-000002fb|mem_leak_vod vm=instance-000002fb,1.52164352e+10,1.7179869184e+10,1.7179869184e+10,67.38511651631042,33.948577953180006,2.9954626798195343,0,42.99556965051207,3.9604226229947293e+06,47.874994750207605,2.097152e+06,2.097152e+06,2.047976e+06,96.65425766708204,1.979456e+06,3.216147570059086e+07,0,0,20420.963947829976,567568.7149488606,8549.355395234437,3.1593906040970806e+07,11871.608789670425
2019-11-05 21:49:48.86890083,RCA=wally178-instance-000002fb anomaly=mem_leak_vod component=wally178-instance-000002fb group=backend host=vod-video-2 index=0 injected=wally178-instance-000002fb layer=virtual node=wally178 target=wally178-instance-000002fb|mem_leak_vod vm=instance-000002fb,1.5216467968e+10,1.7179869184e+10,1.7179869184e+10,66.05101927086659,40.92915131164633,2.9948161379800444,0,43.993506074574825,3.8332893593336134e+06,46.81828256125511,2.097152e+06,2.097152e+06,2.047976e+06,96.1690957315906,1.96952e+06,2.999263317428288e+07,0,0,18446.413836377145,528368.7380439122,7861.688594244677,2.9464266324422613e+07,10584.726265667026
2019-11-05 21:49:49.368950842,RCA=wally178-instance-000002fb anomaly=mem_leak_vod component=wally178-instance-000002fb group=backend host=vod-video-2 index=0 injected=wally178-instance-000002fb layer=virtual node=wally178 target=wally178-instance-000002fb|mem_leak_vod vm=instance-000002fb,1.5216467968e+10,1.7179869184e+10,1.7179869184e+10,65.31709131306698,38.99516245512163,3.9995038535479597,0,46.99274793815994,4.119941298323346e+06,46.98713985475745,2.097152e+06,2.097152e+06,2.047976e+06,96.1690957315906,1.96952e+06,2.8264440819254782e+07,0,0,18175.64749991838,518988.0557202858,7752.8479793090955,2.7745450036861815e+07,10422.798802669036
2019-11-05 21:49:49.86901655,RCA=wally178-instance-000002fb anomaly=mem_leak_vod component=wally178-instance-000002fb group=backend host=vod-video-2 index=0 injected=wally178-instance-000002fb layer=virtual node=wally178 target=wally178-instance-000002fb|mem_leak_vod vm=instance-000002fb,1.5216467968e+10,1.7179869184e+10,1.7179869184e+10,63.19895951656221,34.99034577870585,3.9988962126706897,0,45.99370180644943,3.7596145456818813e+06,43.99395672614036,2.097152e+06,2.097152e+06,2.047976e+06,96.1690957315906,1.96952e+06,2.8654426492652044e+07,0,0,18276.2195019911,528666.0323525628,7829.428094202797,2.8125758742438305e+07,10446.790869981198
2019-11-05 21:49:50.369144873,RCA=wally178-instance-000002fb anomaly=mem_leak_vod component=wally178-instance-000002fb group=backend host=vod-video-2 index=0 injected=wally178-instance-000002fb layer=virtual node=wally178 target=wally178-instance-000002fb|mem_leak_vod vm=instance-000002fb,1.5216467968e+10,1.7179869184e+10,1.7179869184e+10,63.002864850697506,35.97901121206131,3.9976684358404966,0,37.994795055030615,2.8790912410733416e+06,44.101884290693384,2.097152e+06,2.097152e+06,2.047976e+06,96.1690957315906,1.96952e+06,2.611144841938155e+07,0,0,17780.899499058818,506271.5736969206,7523.793200925205,2.56051758152651e+07,10257.104801417103
2019-11-05 21:49:50.869196055,RCA=wally178-instance-000002fb anomaly=mem_leak_vod component=wally178-instance-000002fb group=backend host=vod-video-2 index=0 injected=wally178-instance-000002fb layer=virtual node=wally178 target=wally178-instance-000002fb|mem_leak_vod vm=instance-000002fb,1.5216467968e+10,1.7179869184e+10,1.7179869184e+10,61.840191969674905,36.667566904324254,3.3334152242340083,0,26.995035424020273,2.391624283134176e+06,42.99721704812377,2.097152e+06,2.097152e+06,2.047976e+06,96.1690957315906,1.96952e+06,2.5346692948600326e+07,0,0,17084.405938641692,484129.3735774176,7191.018290022713,2.486256767458272e+07,9893.385568014122
2019-11-05 21:49:51.36929764,RCA=wally178-instance-000002fb anomaly=mem_leak_vod component=wally178-instance-000002fb group=backend host=vod-video-2 index=0 injected=wally178-instance-000002fb layer=virtual node=wally178 target=wally178-instance-000002fb|mem_leak_vod vm=instance-000002fb,1.5216467968e+10,1.7179869184e+10,1.7179869184e+10,60.16012626324419,38.09610430580758,2.0050580958966595,0,28.99485442815891,2.604596679375592e+06,42.970363168641136,2.097152e+06,2.097152e+06,2.047976e+06,96.1690957315906,1.96952e+06,2.459290329638752e+07,0,0,16859.308837893535,475042.7796488097,7114.488859133178,2.4117860893872418e+07,9744.823360650733
2019-11-05 21:49:51.869395183,RCA=wally178-instance-000002fb anomaly=mem_leak_vod component=wally178-instance-000002fb group=backend host=vod-video-2 index=0 injected=wally178-instance-000002fb layer=virtual node=wally178 target=wally178-instance-000002fb|mem_leak_vod vm=instance-000002fb,1.5216467968e+10,1.7179869184e+10,1.7179869184e+10,61.33249697499122,38.82302690126076,2.9863867887615996,0,26.99534503068429,2.5882239111471586e+06,42.898265176897176,2.097152e+06,2.097152e+06,2.047976e+06,96.1690957315906,1.96952e+06,2.4910936138955474e+07,0,0,17030.676432418317,487059.23543922586,7211.5284610198205,2.4423873909819122e+07,9819.148095261284
2019-11-05 21:49:52.369474036,RCA=wally178-instance-000002fb anomaly=mem_leak_vod component=wally178-instance-000002fb group=backend host=vod-video-2 index=0 injected=wally178-instance-000002fb layer=virtual node=wally178 target=wally178-instance-000002fb|mem_leak_vod vm=instance-000002fb,1.5216590848e+10,1.7179869184e+10,1.7179869184e+10,62.08577562239371,39.68855994097573,3.9688560019734815,0,29.99458996579164,2.4612514389200965e+06,42.800174459881354,2.097152e+06,2.097152e+06,2.047976e+06,96.1690957315906,1.96952e+06,2.5196764161590062e+07,0,0,17270.661083246036,504665.9975317305,7401.426093777648,2.46920958246601e+07,9869.231870075728
2019-11-05 21:49:52.869506536,RCA=wally178-instance-000002fb anomaly=mem_leak_vod component=wally178-instance-000002fb group=backend host=vod-video-2 index=0 injected=wally178-instance-000002fb layer=virtual node=wally178 target=wally178-instance-000002fb|mem_leak_vod vm=instance-000002fb,1.5216590848e+10,1.7179869184e+10,1.7179869184e+10,62.551599964534276,38.56299186265022,3.3243960314748446,0,28.99564166510132,2.0845517258132661e+06,43.33706638823202,2.097152e+06,2.097152e+06,2.047976e+06,96.1690957315906,1.96952e+06,2.662396392909626e+07,0,0,17225.10757792556,500506.64984432823,7375.704688008713,2.6123461433278035e+07,9849.402022318123
2019-11-05 21:49:53.369600704,RCA=wally178-instance-000002fb anomaly=mem_leak_vod component=wally178-instance-000002fb group=backend host=vod-video-2 index=0 injected=wally178-instance-000002fb layer=virtual node=wally178 target=wally178-instance-000002fb|mem_leak_vod vm=instance-000002fb,1.5216590848e+10,1.7179869184e+10,1.7179869184e+10,60.995087628545086,36.03619809672271,2.6693480873256084,0,14.998091462865167,1.1917844693718571e+06,42.918078272619766,2.097152e+06,2.097152e+06,2.047976e+06,96.1690957315906,1.96952e+06,2.6279742014117517e+07,0,0,16626.46137701654,475852.4058482063,7130.0445615214985,2.580389316777162e+07,9496.417661247817
2019-11-05 21:49:53.869703803,RCA=wally178-instance-000002fb anomaly=mem_leak_vod component=wally178-instance-000002fb group=backend host=vod-video-2 index=0 injected=wally178-instance-000002fb layer=virtual node=wally178 target=wally178-instance-000002fb|mem_leak_vod vm=instance-000002fb,1.5216590848e+10,1.7179869184e+10,1.7179869184e+10,58.29863682121626,31.881295352811428,1.9925808980098432,0,6.99894996853307,569258.6083624526,39.94387733447772,2.097152e+06,2.097152e+06,2.047976e+06,96.1690957315906,1.96952e+06,2.247593757371458e+07,0,0,16083.7029822361,463956.1723743823,6950.23996473236,2.20119804736465e+07,9133.462733156297
2019-11-05 21:49:54.369736819,RCA=wally178-instance-000002fb anomaly=mem_leak_vod component=wally178-instance-000002fb group=backend host=vod-video-2 index=0 injected=wally178-instance-000002fb layer=virtual node=wally178 target=wally178-instance-000002fb|mem_leak_vod vm=instance-000002fb,1.5216590848e+10,1.7179869184e+10,1.7179869184e+10,58.080624580077036,34.88167511419281,2.9898578728903122,0,8.998592071285934,651162.2318082773,39.940039257204376,2.097152e+06,2.097152e+06,2.047976e+06,96.1690957315906,1.96952e+06,2.2825095672319226e+07,0,0,16345.892198679543,468011.0097903256,7010.221180458897,2.2357080385589164e+07,9335.669420044183
2019-11-05 21:49:54.869832174,RCA=wally178-instance-000002fb anomaly=mem_leak_vod component=wally178-instance-000002fb group=backend host=vod-video-2 index=0 injected=wally178-instance-000002fb layer=virtual node=wally178 target=wally178-instance-000002fb|mem_leak_vod vm=instance-000002fb,1.5216590848e+10,1.7179869184e+10,1.7179869184e+10,57.79776026268313,35.994506842316284,2.9995424228029437,0,8.998712410236068,900991.2348376731,40.15523352056204,2.097152e+06,2.097152e+06,2.047976e+06,96.1690957315906,1.96952e+06,2.2901713503505103e+07,0,0,16323.141746396584,468933.9791212552,6970.676791444769,2.243277941281008e+07,9352.466242553102
2019-11-05 21:49:55.369893407,RCA=wally178-instance-000002fb anomaly=mem_leak_vod component=wally178-instance-000002fb group=backend host=vod-video-2 index=0 injected=wally178-instance-000002fb layer=virtual node=wally178 target=wally178-instance-000002fb|mem_leak_vod vm=instance-000002fb,1.5216590848e+10,1.7179869184e+10,1.7179869184e+10,57.55420985942601,39.39964606336323,3.3389531141899824,0,6.998896218075241,917359.0884542332,41.295142979443845,2.097152e+06,2.097152e+06,2.047976e+06,96.1690957315906,1.96952e+06,2.242518458930045e+07,0,0,16176.574796122379,465564.0576430289,6919.044564176378,2.195961808970612e+07,9257.529836765001
2019-11-05 21:49:55.870000958,RCA=wally178-instance-000002fb anomaly=mem_leak_vod component=wally178-instance-000002fb group=backend host=vod-video-2 index=0 injected=wally178-instance-000002fb layer=virtual node=wally178 target=wally178-instance-000002fb|mem_leak_vod vm=instance-000002fb,1.5216590848e+10,1.7179869184e+10,1.7179869184e+10,52.704622881424804,35.47077079386366,3.3462990441543736,0,14.99748742593907,978779.9378855916,34.99813865899356,2.097152e+06,2.097152e+06,2.047976e+06,96.1690957315906,1.96952e+06,2.199112144212136e+07,0,0,15029.826435119732,437674.82732078375,6496.163875960777,2.1553451491856813e+07,8533.664842788698
2019-11-05 21:49:56.370038874,RCA=wally178-instance-000002fb anomaly=mem_leak_vod component=wally178-instance-000002fb group=backend host=vod-video-2 index=0 injected=wally178-instance-000002fb layer=virtual node=wally178 target=wally178-instance-000002fb|mem_leak_vod vm=instance-000002fb,1.5216590848e+10,1.7179869184e+10,1.7179869184e+10,51.04292942968824,28.989581173515823,1.9992815082079878,0,20.996818583045112,1.2409001649420327e+06,34.95648787675892,2.097152e+06,2.097152e+06,2.047976e+06,96.1690957315906,1.96952e+06,2.2194261774098434e+07,0,0,15337.59960421549,443131.4716938674,6612.897155868574,2.1751127725865807e+07,8724.701433329637
2019-11-05 21:49:56.870218116,RCA=wally178-instance-000002fb anomaly=mem_leak_vod component=wally178-instance-000002fb group=backend host=vod-video-2 index=0 injected=wally178-instance-000002fb layer=virtual node=wally178 target=wally178-instance-000002fb|mem_leak_vod vm=instance-000002fb,1.5216590848e+10,1.7179869184e+10,1.7179869184e+10,53.44936354993786,29.51314029106653,1.3415064677484543,0,18.997211190400037,1.4456758514058336e+06,41.699730954229445,2.097152e+06,2.097152e+06,2.047976e+06,96.1690957315906,1.96952e+06,2.2574571283490907e+07,0,0,15623.444584931254,452529.66755477025,6755.829434150378,2.2122026004527107e+07,8867.608707757778
2019-11-05 21:49:57.370214252,RCA=wally178-instance-000002fb anomaly=mem_leak_vod component=wally178-instance-000002fb group=backend host=vod-video-2 index=0 injected=wally178-instance-000002fb layer=virtual node=wally178 target=wally178-instance-000002fb|mem_leak_vod vm=instance-000002fb,1.5216590848e+10,1.7179869184e+10,1.7179869184e+10,58.55319335036231,32.77772459015937,0.6689331634031715,0,13.99760300846802,1.4456399628777292e+06,40.67308683207694,2.097152e+06,2.097152e+06,2.047976e+06,96.1690957315906,1.96952e+06,2.2365678927874066e+07,0,0,16760.924992234024,486756.04582320864,7204.719937853427,2.187892123544117e+07,9556.20416834146
2019-11-05 21:49:57.870341886,RCA=wally178-instance-000002fb anomaly=mem_leak_vod component=wally178-instance-000002fb group=backend host=vod-video-2 index=0 injected=wally178-instance-000002fb layer=virtual node=wally178 target=wally178-instance-000002fb|mem_leak_vod vm=instance-000002fb,1.5216590848e+10,1.7179869184e+10,1.7179869184e+10,58.020808132084625,35.660693211305926,1.981149520801535,0,7.998707488856875,1.1794566956623336e+06,40.07985901220219,2.097152e+06,2.097152e+06,2.047976e+06,96.1690957315906,1.96952e+06,2.212971701507731e+07,0,0,16498.911077214412,479797.4712997379,7102.175764007019,2.1649920522913888e+07,9396.73543192043
2019-11-05 21:49:58.370406735,RCA=wally178-instance-000002fb anomaly=mem_leak_vod component=wally178-instance-000002fb group=backend host=vod-video-2 index=0 injected=wally178-instance-000002fb layer=virtual node=wally178 target=wally178-instance-000002fb|mem_leak_vod vm=instance-000002fb,1.5216590848e+10,1.7179869184e+10,1.7179869184e+10,57.33470943975695,35.75962590448796,0.9933230000060732,0,7.998815967267629,933749.4651943459,39.979318538602705,2.097152e+06,2.097152e+06,2.047976e+06,96.1690957315906,1.96952e+06,2.201573450323381e+07,0,0,16473.497294171833,474132.2780521053,7049.582734523758,2.1541617949461035e+07,9423.92201526307
2019-11-05 21:49:58.870443632,RCA=wally178-instance-000002fb anomaly=mem_leak_vod component=wally178-instance-000002fb group=backend host=vod-video-2 index=0 injected=wally178-instance-000002fb layer=virtual node=wally178 target=wally178-instance-000002fb|mem_leak_vod vm=instance-000002fb,1.5216590848e+10,1.7179869184e+10,1.7179869184e+10,57.47329153187663,37.999210566400485,1.999958176874605,0,10.998372130940899,913272.9917669,40.87456157035552,2.097152e+06,2.097152e+06,2.047976e+06,96.58433497267545,1.978024e+06,2.3119896612432443e+07,0,0,16535.847185528783,470098.7052220139,7040.358288813156,2.264979522539236e+07,9495.48757890429
2019-11-05 21:49:59.370546064,RCA=wally178-instance-000002fb anomaly=mem_leak_vod component=wally178-instance-000002fb group=backend host=vod-video-2 index=0 injected=wally178-instance-000002fb layer=virtual node=wally178 target=wally178-instance-000002fb|mem_leak_vod vm=instance-000002fb,1.5216590848e+10,1.7179869184e+10,1.7179869184e+10,57.39909795251117,37.96685205267726,3.996510406973047,0,13.997889678152124,1.0402278711585898e+06,40.871047105341184,2.097152e+06,2.097152e+06,2.047976e+06,96.58433497267545,1.978024e+06,2.199563149029706e+07,0,0,16151.703909670618,460993.758213751,6903.847451585116,2.153463795783966e+07,9247.856177372527
2019-11-05 21:49:59.870691829,RCA=wally178-instance-000002fb anomaly=mem_leak_vod component=wally178-instance-000002fb group=backend host=vod-video-2 index=0 injected=wally178-instance-000002fb layer=virtual node=wally178 target=wally178-instance-000002fb|mem_leak_vod vm=instance-000002fb,1.5216590848e+10,1.7179869184e+10,1.7179869184e+10,57.11857693039137,39.32223324361475,2.665913881900179,0,9.998487458812692,929651.9637357466,38.91677332797948,2.097152e+06,2.097152e+06,2.047976e+06,96.58433497267545,1.978024e+06,2.2235129380546886e+07,0,0,16302.025180802008,468216.8101038151,6961.049843252964,2.1766911774862602e+07,9340.975030042273
2019-11-05 21:50:00.370723499,RCA=wally178-instance-000002fb anomaly=mem_leak_vod component=wally178-instance-000002fb group=backend host=vod-video-2 index=0 injected=wally178-instance-000002fb layer=virtual node=wally178 target=wally178-instance-000002fb|mem_leak_vod vm=instance-000002fb,1.5216590848e+10,1.7179869184e+10,1.7179869184e+10,56.61511705014702,40.982855314273536,0,0,5.999046913419725,786307.0715324748,39.327847937540135,2.097152e+06,2.097152e+06,2.047976e+06,96.58433497267545,1.978024e+06,2.0774247441170447e+07,0,0,16124.395506448893,463666.35175092967,6923.333279647674,2.0310580664274387e+07,9201.06211414469
2019-11-05 21:50:00.870755777,RCA=wally178-instance-000002fb anomaly=mem_leak_vod component=wally178-instance-000002fb group=backend host=vod-video-2 index=0 injected=wally178-instance-000002fb layer=virtual node=wally178 target=wally178-instance-000002fb|mem_leak_vod vm=instance-000002fb,1.5216590848e+10,1.7179869184e+10,1.7179869184e+10,54.26954653485482,38.6912449188831,0,0,14.997605407332639,1.1426015196816977e+06,37.99052664428545,2.097152e+06,2.097152e+06,2.047976e+06,96.58433497267545,1.978024e+06,2.0094523733998224e+07,0,0,15405.614773336427,439621.4380271705,6575.4082592845225,1.9654901862283375e+07,8830.20536981877
2019-11-05 21:50:01.370881359,RCA=wally178-instance-000002fb anomaly=mem_leak_vod component=wally178-instance-000002fb group=backend host=vod-video-2 index=0 injected=wally178-instance-000002fb layer=virtual node=wally178 target=wally178-instance-000002fb|mem_leak_vod vm=instance-000002fb,1.5216590848e+10,1.7179869184e+10,1.7179869184e+10,53.97254008568735,37.347677256549645,0.6669228535208506,0,14.997448034242495,1.060682760076103e+06,38.06541541639307,2.097152e+06,2.097152e+06,2.047976e+06,96.58433497267545,1.978024e+06,1.9708681791773003e+07,0,0,15629.460470182983,450980.7232384369,6731.354686867338,1.9257697128602393e+07,8898.105603936941
2019-11-05 21:50:01.870969738,RCA=wally178-instance-000002fb anomaly=mem_leak_vod component=wally178-instance-000002fb group=backend host=vod-video-2 index=0 injected=wally178-instance-000002fb layer=virtual node=wally178 target=wally178-instance-000002fb|mem_leak_vod vm=instance-000002fb,1.5216590848e+10,1.7179869184e+10,1.7179869184e+10,54.29435159178544,37.376209202545304,0.6674323267888085,0,5.998977018444952,597913.7459869888,37.40425386836981,2.097152e+06,2.097152e+06,2.047976e+06,96.58433497267545,1.978024e+06,2.088144871795097e+07,0,0,16016.627874557244,462169.07234843733,6866.748432829015,2.0419281257553555e+07,9149.880028254669
2019-11-05 21:50:02.371015538,RCA=wally178-instance-000002fb anomaly=mem_leak_vod component=wally178-instance-000002fb group=backend host=vod-video-2 index=0 injected=wally178-instance-000002fb layer=virtual node=wally178 target=wally178-instance-000002fb|mem_leak_vod vm=instance-000002fb,1.5216590848e+10,1.7179869184e+10,1.7179869184e+10,57.67212966395583,37.97009520865481,0.9992130248177187,0,4.999224725228836,548779.2750652813,39.99420160065774,2.097152e+06,2.097152e+06,2.047976e+06,96.58433497267545,1.978024e+06,2.32750056974988e+07,0,0,16879.194436079197,495664.30974598095,7373.930915219318,2.2779347969333377e+07,9505.263069644509
2019-11-05 21:50:02.871077616,RCA=wally178-instance-000002fb anomaly=mem_leak_vod component=wally178-instance-000002fb group=backend host=vod-video-2 index=0 injected=wally178-instance-000002fb layer=virtual node=wally178 target=wally178-instance-000002fb|mem_leak_vod vm=instance-000002fb,1.5216590848e+10,1.7179869184e+10,1.7179869184e+10,58.30539628229672,38.95295756487875,0.9987937278498575,0,7.998701170903869,786304.1516627645,40.79682536378992,2.097152e+06,2.097152e+06,2.047976e+06,96.58433497267545,1.978024e+06,2.3541210488810617e+07,0,0,17030.32061713816,503314.3613148781,7440.073413524608,2.303788999043748e+07,9590.245784185438
2019-11-05 21:50:03.371196243,RCA=wally178-instance-000002fb anomaly=mem_leak_vod component=wally178-instance-000002fb group=backend host=vod-video-2 index=0 injected=wally178-instance-000002fb layer=virtual node=wally178 target=wally178-instance-000002fb|mem_leak_vod vm=instance-000002fb,1.5216590848e+10,1.7179869184e+10,1.7179869184e+10,57.65777581046646,39.56187474057887,0.670540239948587,0,9.998336516763688,769919.6112853005,40.655390189504175,2.097152e+06,2.097152e+06,2.047976e+06,96.58433497267545,1.978024e+06,2.2677833539310846e+07,0,0,17017.35256508184,499410.96830821724,7432.177005506109,2.2178422827781424e+07,9585.176203717576
2019-11-05 21:50:03.871291225,RCA=wally178-instance-000002fb anomaly=mem_leak_vod component=wally178-instance-000002fb group=backend host=vod-video-2 index=0 injected=wally178-instance-000002fb layer=virtual node=wally178 target=wally178-instance-000002fb|mem_leak_vod vm=instance-000002fb,1.5216590848e+10,1.7179869184e+10,1.7179869184e+10,57.96486974949527,43.983142229212675,1.9992337336945494,0,8.99843357967775,663436.764351216,39.9665448046749,2.097152e+06,2.097152e+06,2.047976e+06,96.58433497267545,1.978024e+06,2.2791053744920053e+07,0,0,17337.713948143846,501138.8620030617,7461.227064211516,2.228991383213543e+07,9876.487378271684
2019-11-05 21:50:04.371337269,RCA=wally178-instance-000002fb anomaly=mem_leak_vod component=wally178-instance-000002fb group=backend host=vod-video-2 index=0 injected=wally178-instance-000002fb layer=virtual node=wally178 target=wally178-instance-000002fb|mem_leak_vod vm=instance-000002fb,1.5216590848e+10,1.7179869184e+10,1.7179869184e+10,58.70583230191343,39.63782569846447,3.963782656260096,0,13.997512418083108,1.2040106408863605e+06,40.70762315504848,2.097152e+06,2.097152e+06,2.047976e+06,96.58433497267545,1.978024e+06,2.2144020193592377e+07,0,0,17293.094334372803,499050.21416997974,7435.770155163143,2.164496208974591e+07,9857.320057664208
2019-11-05 21:50:04.871414932,RCA=wally178-instance-000002fb anomaly=mem_leak_vod component=wally178-instance-000002fb group=backend host=vod-video-2 index=0 injected=wally178-instance-000002fb layer=virtual node=wally178 target=wally178-instance-000002fb|mem_leak_vod vm=instance-000002fb,1.5216590848e+10,1.7179869184e+10,1.7179869184e+10,58.737796224514014,39.11288666350913,3.314651269331915,0,11.998026264689326,937829.8610975195,41.315520229417466,2.097152e+06,2.097152e+06,2.047976e+06,96.58433497267545,1.978024e+06,2.2396257936191473e+07,0,0,17324.578594777697,498056.3055082028,7418.1589153381965,2.189820283195743e+07,9906.419059640704
2019-11-05 21:50:05.371527172,RCA=wally178-instance-000002fb anomaly=mem_leak_vod component=wally178-instance-000002fb group=backend host=vod-video-2 index=0 injected=wally178-instance-000002fb layer=virtual node=wally178 target=wally178-instance-000002fb|mem_leak_vod vm=instance-000002fb,1.5216623616e+10,1.7179869184e+10,1.7179869184e+10,58.13188940345714,38.991442119292216,1.9995609803902674,0,8.998468901517937,495531.43359660526,40.60497582466607,2.097152e+06,2.097152e+06,2.047976e+06,96.58433497267545,1.978024e+06,2.1460505194346115e+07,0,0,16992.25069595676,494470.0355718656,7363.7304080229505,2.0966037853573445e+07,9628.520273981167
2019-11-05 21:50:05.871573451,RCA=wally178-instance-000002fb anomaly=mem_leak_vod component=wally178-instance-000002fb group=backend host=vod-video-2 index=0 injected=wally178-instance-000002fb layer=virtual node=wally178 target=wally178-instance-000002fb|mem_leak_vod vm=instance-000002fb,1.5216623616e+10,1.7179869184e+10,1.7179869184e+10,36.79751163720771,22.95354681853058,1.9959607423104146,0,14.99763700230919,724877.8056500092,24.930752566049314,2.097152e+06,2.097152e+06,2.047976e+06,96.58433497267545,1.978024e+06,1.3855958618538218e+07,0,0,9997.03071998902,302055.4359473794,4505.85895220684,1.35539016158453e+07,5491.17209295166
2019-11-05 21:50:06.371659715,RCA=wally178-instance-000002fb anomaly=mem_leak_vod component=wally178-instance-000002fb group=backend host=vod-video-2 index=0 injected=wally178-instance-000002fb layer=virtual node=wally178 target=wally178-instance-000002fb|mem_leak_vod vm=instance-000002fb,1.5216623616e+10,1.7179869184e+10,1.7179869184e+10,45.340455730686536,24.93690869832761,2.9924292079675676,0,35.994903553595655,1.8716078824388462e+06,33.91966453084648,2.097152e+06,2.097152e+06,2.047976e+06,96.58433497267545,1.978024e+06,2.141669304744311e+07,0,0,14581.395011267718,428351.3693435664,6319.736478772185,2.0988342655318487e+07,8261.659421306747
2019-11-05 21:50:06.871729424,RCA=wally178-instance-000002fb anomaly=mem_leak_vod component=wally178-instance-000002fb group=backend host=vod-video-2 index=0 injected=wally178-instance-000002fb layer=virtual node=wally178 target=wally178-instance-000002fb|mem_leak_vod vm=instance-000002fb,1.5216623616e+10,1.7179869184e+10,1.7179869184e+10,66.64034036921846,40.95265320428766,2.9965357589467256,0,29.995548330676694,1.8838802569690018e+06,35.433972405684344,2.097152e+06,2.097152e+06,2.047976e+06,96.58433497267545,1.978024e+06,2.8836412626662236e+07,0,0,20354.465299145228,582402.4780786247,8624.925989716055,2.8254010838824358e+07,11729.539109363006
2019-11-05 21:50:07.371836915,RCA=wally178-instance-000002fb anomaly=mem_leak_vod component=wally178-instance-000002fb group=backend host=vod-video-2 index=0 injected=wally178-instance-000002fb layer=virtual node=wally178 target=wally178-instance-000002fb|mem_leak_vod vm=instance-000002fb,1.5216623616e+10,1.7179869184e+10,1.7179869184e+10,58.05344276558224,35.98030348236617,0.9994528405473667,0,6.9989040766051644,802689.7385095119,44.07675361320991,2.097152e+06,2.097152e+06,2.047976e+06,96.58433497267545,1.978024e+06,2.5236993373900946e+07,0,0,18852.750091972255,543950.1801750635,8099.684066384699,2.4693038282289725e+07,10753.062994470305
2019-11-05 21:50:07.871927762,RCA=wally178-instance-000002fb anomaly=mem_leak_vod component=wally178-instance-000002fb group=backend host=vod-video-2 index=0 injected=wally178-instance-000002fb layer=virtual node=wally178 target=wally178-instance-000002fb|mem_leak_vod vm=instance-000002fb,1.5216623616e+10,1.7179869184e+10,1.7179869184e+10,57.94606931636685,35.34049225684981,1.3336034422635983,0,11.998048997252557,1.1794558949416555e+06,38.884707348213745,2.097152e+06,2.097152e+06,2.047976e+06,96.58433497267545,1.978024e+06,1.9494733441346698e+07,0,0,16461.77345406805,479630.3359930934,7204.528351707617,1.901509840412967e+07,9257.244735111726
2019-11-05 21:50:08.372002837,RCA=wally178-instance-000002fb anomaly=mem_leak_vod component=wally178-instance-000002fb group=backend host=vod-video-2 index=0 injected=wally178-instance-000002fb layer=virtual node=wally178 target=wally178-instance-000002fb|mem_leak_vod vm=instance-000002fb,1.5216623616e+10,1.7179869184e+10,1.7179869184e+10,57.08622240688999,34.65319768489263,0.666407614478962,0,20.996575899398902,2.211480026338713e+06,39.85071281383461,2.097152e+06,2.097152e+06,2.047976e+06,96.58433497267545,1.978024e+06,1.8690422708573125e+07,0,0,16166.158037494768,479115.4216057241,7162.847336875064,1.8211306096421644e+07,9003.310321271943
2019-11-05 21:50:08.872083641,RCA=wally178-instance-000002fb anomaly=mem_leak_vod component=wally178-instance-000002fb group=backend host=vod-video-2 index=0 injected=wally178-instance-000002fb layer=virtual node=wally178 target=wally178-instance-000002fb|mem_leak_vod vm=instance-000002fb,1.5216668672e+10,1.7179869184e+10,1.7179869184e+10,58.364692586996455,35.931614520066034,2.9943012936866764,0,28.995255419369958,2.473580101473131e+06,40.97663880844892,2.097152e+06,2.097152e+06,2.047976e+06,96.7345320452974,1.9811e+06,1.987565419530197e+07,0,0,16332.154463534442,485919.48574667895,7228.823133714492,1.938974138420987e+07,9103.331617064508
2019-11-05 21:50:09.372125731,RCA=wally178-instance-000002fb anomaly=mem_leak_vod component=wally178-instance-000002fb group=backend host=vod-video-2 index=0 injected=wally178-instance-000002fb layer=virtual node=wally178 target=wally178-instance-000002fb|mem_leak_vod vm=instance-000002fb,1.5216668672e+10,1.7179869184e+10,1.7179869184e+10,59.695892397745176,35.928704444191716,3.9920782516559963,0,18.99729370253102,1.412919111160775e+06,41.8948532608675,2.097152e+06,2.097152e+06,2.047976e+06,96.7345320452974,1.9811e+06,1.954156953528579e+07,0,0,16336.122063392235,482614.50339576235,7225.554338972687,1.905895684999134e+07,9110.568686100412
2019-11-05 21:50:09.872189235,RCA=wally178-instance-000002fb anomaly=mem_leak_vod component=wally178-instance-000002fb group=backend host=vod-video-2 index=0 injected=wally178-instance-000002fb layer=virtual node=wally178 target=wally178-instance-000002fb|mem_leak_vod vm=instance-000002fb,1.5216668672e+10,1.7179869184e+10,1.7179869184e+10,52.71386805344274,28.95820959690084,3.994235930111963,0,18.997387593242504,987000.4177266177,38.662450861474795,2.097152e+06,2.097152e+06,2.047976e+06,96.7345320452974,1.9811e+06,1.8731306838854294e+07,0,0,15364.650972402684,453104.0548870592,6727.225829070952,1.82782042675836e+07,8637.426519112058
2019-11-05 21:50:10.372311034,RCA=wally178-instance-000002fb anomaly=mem_leak_vod component=wally178-instance-000002fb group=backend host=vod-video-2 index=0 injected=wally178-instance-000002fb layer=virtual node=wally178 target=wally178-instance-000002fb|mem_leak_vod vm=instance-000002fb,1.5216668672e+10,1.7179869184e+10,1.7179869184e+10,54.05214179576831,29.966689088342775,2.996668863934156,0,22.995882863123953,1.257246504038775e+06,38.64091836799399,2.097152e+06,2.097152e+06,2.047976e+06,96.7345320452974,1.9811e+06,1.9854258863456104e+07,0,0,14854.329529643719,449041.8653190817,6615.760285707362,1.940521522162363e+07,8238.568370485722
2019-11-05 21:50:10.872385673,RCA=wally178-instance-000002fb anomaly=mem_leak_vod component=wally178-instance-000002fb group=backend host=vod-video-2 index=0 injected=wally178-instance-000002fb layer=virtual node=wally178 target=wally178-instance-000002fb|mem_leak_vod vm=instance-000002fb,1.5216668672e+10,1.7179869184e+10,1.7179869184e+10,44.9783139577724,24.030197467546934,2.6700219764836346,0,11.997933991760421,1.1180151412701157e+06,30.757828379340086,2.097152e+06,2.097152e+06,2.047976e+06,96.7345320452974,1.9811e+06,1.607433549410692e+07,0,0,12274.444686513221,370465.96264042443,5480.626480752295,1.5703869350486198e+07,6793.818323296191
2019-11-05 21:50:11.372427158,RCA=wally178-instance-000002fb anomaly=mem_leak_vod component=wally178-instance-000002fb group=backend host=vod-video-2 index=0 injected=wally178-instance-000002fb layer=virtual node=wally178 target=wally178-instance-000002fb|mem_leak_vod vm=instance-000002fb,1.5216668672e+10,1.7179869184e+10,1.7179869184e+10,51.07037964627486,30.77065105603754,0.6689271861312551,0,11.998362163572862,1.2941599411874409e+06,36.03424507273639,2.097152e+06,2.097152e+06,2.047976e+06,96.7345320452974,1.9811e+06,1.9188099052463647e+07,0,0,14482.5761033941,436834.8046405582,6549.811584466397,1.8751265988898117e+07,7932.764704408573
2019-11-05 21:50:11.872568549,RCA=wally178-instance-000002fb anomaly=mem_leak_vod component=wally178-instance-000002fb group=backend host=vod-video-2 index=0 injected=wally178-instance-000002fb layer=virtual node=wally178 target=wally178-instance-000002fb|mem_leak_vod vm=instance-000002fb,1.5216668672e+10,1.7179869184e+10,1.7179869184e+10,49.88267168597369,30.816045082641313,2.6796561479968997,0,13.997880566905483,1.720058496066726e+06,35.43087862855909,2.097152e+06,2.097152e+06,2.047976e+06,96.7345320452974,1.9811e+06,1.8387446007341906e+07,0,0,14413.61571133121,424935.497713896,6370.160619824747,1.796251526518754e+07,8043.457914297817
2019-11-05 21:50:12.372578396,RCA=wally178-instance-000002fb anomaly=mem_leak_vod component=wally178-instance-000002fb group=backend host=vod-video-2 index=0 injected=wally178-instance-000002fb layer=virtual node=wally178 target=wally178-instance-000002fb|mem_leak_vod vm=instance-000002fb,1.5216668672e+10,1.7179869184e+10,1.7179869184e+10,57.64035211054341,34.895747349588724,3.9880854153577747,0,12.998043053631974,1.679107005589254e+06,38.90445404555163,2.097152e+06,2.097152e+06,2.047976e+06,96.7345320452974,1.9811e+06,1.902344744242105e+07,0,0,15835.61523411298,465732.83255765296,6923.852613152318,1.8557712668756716e+07,8911.761279686496
2019-11-05 21:50:12.872628089,RCA=wally178-instance-000002fb anomaly=mem_leak_vod component=wally178-instance-000002fb group=backend host=vod-video-2 index=0 injected=wally178-instance-000002fb layer=virtual node=wally178 target=wally178-instance-000002fb|mem_leak_vod vm=instance-000002fb,1.5216668672e+10,1.7179869184e+10,1.7179869184e+10,57.28912397097119,34.74076607113397,0.9925932857756281,0,10.99870007463688,1.4416231181765748e+06,38.75655465510255,2.097152e+06,2.097152e+06,2.047976e+06,96.7345320452974,1.9811e+06,1.7887901858539745e+07,0,0,15538.576143880588,458316.91307382344,6859.316196130132,1.7429576782141432e+07,8679.254365933315
2019-11-05 21:50:13.372706896,RCA=wally178-instance-000002fb anomaly=mem_leak_vod component=wally178-instance-000002fb group=backend host=vod-video-2 index=0 injected=wally178-instance-000002fb layer=virtual node=wally178 target=wally178-instance-000002fb|mem_leak_vod vm=instance-000002fb,1.5216668672e+10,1.7179869184e+10,1.7179869184e+10,56.837302397220704,35.2641556861427,1.9960843359178686,0,10.998628789950128,1.4416123779809284e+06,39.32512599602071,2.097152e+06,2.097152e+06,2.047976e+06,96.7345320452974,1.9811e+06,1.733664133024166e+07,0,0,15370.426040414171,457946.76719187177,6838.838289426427,1.6878695140560646e+07,8531.586793692148
2019-11-05 21:50:13.872809009,RCA=wally178-instance-000002fb anomaly=mem_leak_vod component=wally178-instance-000002fb group=backend host=vod-video-2 index=0 injected=wally178-instance-000002fb layer=virtual node=wally178 target=wally178-instance-000002fb|mem_leak_vod vm=instance-000002fb,1.5216812032e+10,1.7179869184e+10,1.7179869184e+10,56.45320931319152,34.681973069933456,2.000883080410085,0,22.996256600361825,1.9616636289427755e+06,40.10021669716001,2.097152e+06,2.097152e+06,2.047976e+06,96.7345320452974,1.9811e+06,1.926770918732627e+07,0,0,15625.637985704792,469907.64826867747,7013.776674872712,1.879780101407219e+07,8611.860419932254
2019-11-05 21:50:14.372876549,RCA=wally178-instance-000002fb anomaly=mem_leak_vod component=wally178-instance-000002fb group=backend host=vod-video-2 index=0 injected=wally178-instance-000002fb layer=virtual node=wally178 target=wally178-instance-000002fb|mem_leak_vod vm=instance-000002fb,1.5216812032e+10,1.7179869184e+10,1.7179869184e+10,55.87866363920665,30.983006657389602,2.9983551683184744,0,24.995798581195476,2.1336566260808124e+06,39.8369497548703,2.097152e+06,2.097152e+06,2.047976e+06,96.7345320452974,1.9811e+06,2.0881335366321858e+07,0,0,15927.329649990135,478336.4766361253,7157.305711991292,2.0402992399649832e+07,8770.021509714268
2019-11-05 21:50:14.872929781,RCA=wally178-instance-000002fb anomaly=mem_leak_vod component=wally178-instance-000002fb group=backend host=vod-video-2 index=0 injected=wally178-instance-000002fb layer=virtual node=wally178 target=wally178-instance-000002fb|mem_leak_vod vm=instance-000002fb,1.5216812032e+10,1.7179869184e+10,1.7179869184e+10,56.063825270928824,31.354459403699273,3.335580687492693,0,15.997666196464596,1.7937872604651805e+06,39.94260100448032,2.097152e+06,2.097152e+06,2.047976e+06,96.7345320452974,1.9811e+06,1.857876560458713e+07,0,0,15524.616803216682,455475.3925468528,6871.382393279109,1.812327324331035e+07,8653.222343561207
2019-11-05 21:50:15.373023959,RCA=wally178-instance-000002fb anomaly=mem_leak_vod component=wally178-instance-000002fb group=backend host=vod-video-2 index=0 injected=wally178-instance-000002fb layer=virtual node=wally178 target=wally178-instance-000002fb|mem_leak_vod vm=instance-000002fb,1.5216812032e+10,1.7179869184e+10,1.7179869184e+10,56.30862218729204,34.025338351900835,4.00298079296094,0,13.998037167232336,1.5562621264148261e+06,39.972299276545954,2.097152e+06,2.097152e+06,2.047976e+06,96.7345320452974,1.9811e+06,1.8814522828122843e+07,0,0,15528.530027080573,458699.93806413066,6818.620625344121,1.8355818195181597e+07,8709.909520058654
2019-11-05 21:50:15.873076956,RCA=wally178-instance-000002fb anomaly=mem_leak_vod component=wally178-instance-000002fb group=backend host=vod-video-2 index=0 injected=wally178-instance-000002fb layer=virtual node=wally178 target=wally178-instance-000002fb|mem_leak_vod vm=instance-000002fb,1.5216812032e+10,1.7179869184e+10,1.7179869184e+10,54.8913942444558,38.923946695172035,1.9960998125917777,0,11.998241105846848,1.2572876967111146e+06,39.42468542839691,2.097152e+06,2.097152e+06,2.047976e+06,96.7345320452974,1.9811e+06,1.7864553161505997e+07,0,0,15080.490731627333,447964.2711231808,6657.743234209949,1.7416602530938767e+07,8422.759421654064
2019-11-05 21:50:16.37316136,RCA=wally178-instance-000002fb anomaly=mem_leak_vod component=wally178-instance-000002fb group=backend host=vod-video-2 index=0 injected=wally178-instance-000002fb layer=virtual node=wally178 target=wally178-instance-000002fb|mem_leak_vod vm=instance-000002fb,1.5216812032e+10,1.7179869184e+10,1.7179869184e+10,53.25355978730397,35.967302053768314,0,0,14.997752781716446,1.7896840860819975e+06,39.265254110153194,2.097152e+06,2.097152e+06,2.047976e+06,96.7345320452974,1.9811e+06,1.7403329567995626e+07,0,0,14925.955312110058,442323.9110197264,6608.492458218905,1.696101656845828e+07,8317.470740295985
2019-11-05 21:50:16.873283819,RCA=wally178-instance-000002fb anomaly=mem_leak_vod component=wally178-instance-000002fb group=backend host=vod-video-2 index=0 injected=wally178-instance-000002fb layer=virtual node=wally178 target=wally178-instance-000002fb|mem_leak_vod vm=instance-000002fb,1.5216812032e+10,1.7179869184e+10,1.7179869184e+10,52.81092493202261,34.97971029887882,0.9994202972502033,0,14.997182404355783,1.760948496162752e+06,37.898011524246755,2.097152e+06,2.097152e+06,2.047976e+06,96.7345320452974,1.9811e+06,1.6386087408693507e+07,0,0,14597.830070121801,432335.99451265635,6528.278252162183,1.5953754348063797e+07,8069.553019746888
2019-11-05 21:50:17.373346571,RCA=wally178-instance-000002fb anomaly=mem_leak_vod component=wally178-instance-000002fb group=backend host=vod-video-2 index=0 injected=wally178-instance-000002fb layer=virtual node=wally178 target=wally178-instance-000002fb|mem_leak_vod vm=instance-000002fb,1.5216812032e+10,1.7179869184e+10,1.7179869184e+10,39.2404538286512,24.95810497557453,1.9966482166554593,0,8.998419157722372,778103.116877782,27.88658642424921,2.097152e+06,2.097152e+06,2.047976e+06,96.7345320452974,1.9811e+06,1.5314606369670955e+07,0,0,11558.905112850149,340599.0961779819,5088.5125810779655,1.4974004125790013e+07,6470.392893930165
2019-11-05 21:50:17.873407658,RCA=wally178-instance-000002fb anomaly=mem_leak_vod component=wally178-instance-000002fb group=backend host=vod-video-2 index=0 injected=wally178-instance-000002fb layer=virtual node=wally178 target=wally178-instance-000002fb|mem_leak_vod vm=instance-000002fb,1.5216812032e+10,1.7179869184e+10,1.7179869184e+10,37.016072386129224,24.029831321457625,2.0024859902375525,0,30.995596517593942,2.6538313602918535e+06,26.698478883200227,2.097152e+06,2.097152e+06,2.047976e+06,96.7345320452974,1.9811e+06,1.4182835560914915e+07,0,0,10500.743662959881,322658.4514273693,4760.809298709403,1.386017918855833e+07,5739.936429923716
2019-11-05 21:50:18.373485087,RCA=wally178-instance-000002fb anomaly=mem_leak_vod component=wally178-instance-000002fb group=backend host=vod-video-2 index=0 injected=wally178-instance-000002fb layer=virtual node=wally178 target=wally178-instance-000002fb|mem_leak_vod vm=instance-000002fb,1.5216812032e+10,1.7179869184e+10,1.7179869184e+10,39.66486361101756,22.003952555328212,2.667146761974311,0,62.991127951592524,5.377291667795049e+06,29.25488219303618,2.097152e+06,2.097152e+06,2.047976e+06,96.7345320452974,1.9811e+06,2.215253126964198e+07,0,0,13196.885609395538,410270.47372527834,6073.948444325605,2.1742273321419556e+07,7122.941371069574
2019-11-05 21:50:18.873583858,RCA=wally178-instance-000002fb anomaly=mem_leak_vod component=wally178-instance-000002fb group=backend host=vod-video-2 index=0 injected=wally178-instance-000002fb layer=virtual node=wally178 target=wally178-instance-000002fb|mem_leak_vod vm=instance-000002fb,1.5216812032e+10,1.7179869184e+10,1.7179869184e+10,56.68015544987448,29.925017900098332,2.9925016288186366,0,47.993448174422475,4.181444785372205e+06,39.80834752763824,2.097152e+06,2.097152e+06,2.047976e+06,96.62437450438873,1.978844e+06,2.8565463442926656e+07,0,0,16530.407403845984,486004.95405907126,7274.974266535231,2.807945924887707e+07,9255.433864873221
2019-11-05 21:50:19.373660951,RCA=wally178-instance-000002fb anomaly=mem_leak_vod component=wally178-instance-000002fb group=backend host=vod-video-2 index=0 injected=wally178-instance-000002fb layer=virtual node=wally178 target=wally178-instance-000002fb|mem_leak_vod vm=instance-000002fb,1.5216869376e+10,1.7179869184e+10,1.7179869184e+10,55.39971516537408,31.95746218905924,2.996010252095418,0,36.99475011200635,3.522060198525468e+06,40.57959459768939,2.097152e+06,2.097152e+06,2.047976e+06,96.62437450438873,1.978844e+06,2.334004266677301e+07,0,0,15342.184231087158,444221.6588477189,6600.636163996196,2.2895810257365733e+07,8741.543028130134
2019-11-05 21:50:19.873721737,RCA=wally178-instance-000002fb anomaly=mem_leak_vod component=wally178-instance-000002fb group=backend host=vod-video-2 index=0 injected=wally178-instance-000002fb layer=virtual node=wally178 target=wally178-instance-000002fb|mem_leak_vod vm=instance-000002fb,1.5216869376e+10,1.7179869184e+10,1.7179869184e+10,52.56561100420439,30.68382272836584,3.335196736655141,0,41.993998007834726,3.7718759918298773e+06,37.48290910702236,2.097152e+06,2.097152e+06,2.047976e+06,96.62437450438873,1.978844e+06,2.100864697297908e+07,0,0,14432.68550185915,421916.7038543171,6264.725415203833,2.0586726899321377e+07,8167.9570197565345
2019-11-05 21:50:20.373825248,RCA=wally178-instance-000002fb anomaly=mem_leak_vod component=wally178-instance-000002fb group=backend host=vod-video-2 index=0 injected=wally178-instance-000002fb layer=virtual node=wally178 target=wally178-instance-000002fb|mem_leak_vod vm=instance-000002fb,1.5216869376e+10,1.7179869184e+10,1.7179869184e+10,53.89832386155232,34.075605567892744,4.6770438264763685,0,43.993078876851854,3.9069673633410437e+06,38.81443924015387,2.097152e+06,2.097152e+06,2.047976e+06,96.62437450438873,1.978844e+06,2.0979997198382225e+07,0,0,14973.269033153327,433052.4055814418,6464.406930299266,2.0546938630857673e+07,8508.857619127313
2019-11-05 21:50:20.873876921,RCA=wally178-instance-000002fb anomaly=mem_leak_vod component=wally178-instance-000002fb group=backend host=vod-video-2 index=0 injected=wally178-instance-000002fb layer=virtual node=wally178 target=wally178-instance-000002fb|mem_leak_vod vm=instance-000002fb,1.5216869376e+10,1.7179869184e+10,1.7179869184e+10,56.957988966014405,40.69136462588199,3.9698895233537654,0,44.99248261101287,4.439322894996586e+06,39.57092419859152,2.097152e+06,2.097152e+06,2.047976e+06,96.62437450438873,1.978844e+06,2.215887259239022e+07,0,0,16054.865823514076,458482.65036244673,6913.60171932557,2.1700380120274764e+07,9141.263203746288
2019-11-05 21:50:21.373959383,RCA=wally178-instance-000002fb anomaly=mem_leak_vod component=wally178-instance-000002fb group=backend host=vod-video-2 index=0 injected=wally178-instance-000002fb layer=virtual node=wally178 target=wally178-instance-000002fb|mem_leak_vod vm=instance-000002fb,1.5216869376e+10,1.7179869184e+10,1.7179869184e+10,57.493660947573545,37.78985496238748,1.9889398752962941,0,44.9926084793012,4.214091460423486e+06,40.9670576924695,2.097152e+06,2.097152e+06,2.047976e+06,96.62437450438873,1.978844e+06,2.197237492390834e+07,0,0,15677.695558279167,453747.55709739524,6796.918392241041,2.151862914458966e+07,8880.778945102964
2019-11-05 21:50:21.874025507,RCA=wally178-instance-000002fb anomaly=mem_leak_vod component=wally178-instance-000002fb group=backend host=vod-video-2 index=0 injected=wally178-instance-000002fb layer=virtual node=wally178 target=wally178-instance-000002fb|mem_leak_vod vm=instance-000002fb,1.5216869376e+10,1.7179869184e+10,1.7179869184e+10,57.722072276768365,37.20690714020507,1.993227192062999,0,47.99228020176814,3.894669125741528e+06,41.21560184592662,2.097152e+06,2.097152e+06,2.047976e+06,96.62437450438873,1.978844e+06,2.2065956128475122e+07,0,0,15633.387684605657,456005.8963073084,6812.22147293761,2.1609954427652333e+07,8821.168410978862
2019-11-05 21:50:22.374102394,RCA=wally178-instance-000002fb anomaly=mem_leak_vod component=wally178-instance-000002fb group=backend host=vod-video-2 index=0 injected=wally178-instance-000002fb layer=virtual node=wally178 target=wally178-instance-000002fb|mem_leak_vod vm=instance-000002fb,1.5216869376e+10,1.7179869184e+10,1.7179869184e+10,58.952457530472024,34.78748462118894,2.0069702706349837,0,50.99339839464383,4.341199972179988e+06,42.28143370722968,2.097152e+06,2.097152e+06,2.047976e+06,96.62437450438873,1.978844e+06,2.3122602326548714e+07,0,0,15792.542910290975,458159.1933958705,6842.6543026329355,2.266444711119943e+07,8949.888934396025
2019-11-05 21:50:22.874156669,RCA=wally178-instance-000002fb anomaly=mem_leak_vod component=wally178-instance-000002fb group=backend host=vod-video-2 index=0 injected=wally178-instance-000002fb layer=virtual node=wally178 target=wally178-instance-000002fb|mem_leak_vod vm=instance-000002fb,1.5216869376e+10,1.7179869184e+10,1.7179869184e+10,58.735249072721594,34.71772150638231,2.6705938461332415,0,41.994702872169114,4.005383586023478e+06,41.97891161389135,2.097152e+06,2.097152e+06,2.047976e+06,96.62437450438873,1.978844e+06,2.166599179637938e+07,0,0,15639.609188237742,453050.5096794359,6795.040109295285,2.121294824306516e+07,8844.572224664593
2019-11-05 21:50:23.37422984,RCA=wally178-instance-000002fb anomaly=mem_leak_vod component=wally178-instance-000002fb group=backend host=vod-video-2 index=0 injected=wally178-instance-000002fb layer=virtual node=wally178 target=wally178-instance-000002fb|mem_leak_vod vm=instance-000002fb,1.5216869376e+10,1.7179869184e+10,1.7179869184e+10,58.561715166127804,33.38822071906731,3.3388220763658243,0,34.9947129287813,2.8626715533844596e+06,40.98951119398057,2.097152e+06,2.097152e+06,2.047976e+06,96.62437450438873,1.978844e+06,2.1443522720123615e+07,0,0,15767.158835590064,451535.69383224373,6775.024435988041,2.099199014685001e+07,8992.136219418458
2019-11-05 21:50:23.874291149,RCA=wally178-instance-000002fb anomaly=mem_leak_vod component=wally178-instance-000002fb group=backend host=vod-video-2 index=0 injected=wally178-instance-000002fb layer=virtual node=wally178 target=wally178-instance-000002fb|mem_leak_vod vm=instance-000002fb,1.5216869376e+10,1.7179869184e+10,1.7179869184e+10,55.573219732432435,31.833362787152254,4.97396297012897,0,37.99546273382218,2.9897223454952533e+06,37.98240541034177,2.097152e+06,2.097152e+06,2.047976e+06,96.62437450438873,1.978844e+06,2.063010099726457e+07,0,0,15371.375438025721,437269.2111237122,6499.666662660068,2.019281738932218e+07,8871.703183103362
2019-11-05 21:50:24.374317426,RCA=wally178-instance-000002fb anomaly=mem_leak_vod component=wally178-instance-000002fb group=backend host=vod-video-2 index=0 injected=wally178-instance-000002fb layer=virtual node=wally178 target=wally178-instance-000002fb|mem_leak_vod vm=instance-000002fb,1.5216984064e+10,1.7179869184e+10,1.7179869184e+10,54.95115105052481,32.65865691069585,3.9586250095661413,0,41.99624918899619,3.153638143590917e+06,37.719614527019864,2.097152e+06,2.097152e+06,2.047976e+06,96.62437450438873,1.978844e+06,1.9966215016412783e+07,0,0,14821.863507543902,421366.76976819936,6260.754236185306,1.9544839032676354e+07,8561.10485129176
2019-11-05 21:50:24.874449936,RCA=wally178-instance-000002fb anomaly=mem_leak_vod component=wally178-instance-000002fb group=backend host=vod-video-2 index=0 injected=wally178-instance-000002fb layer=virtual node=wally178 target=wally178-instance-000002fb|mem_leak_vod vm=instance-000002fb,1.5216984064e+10,1.7179869184e+10,1.7179869184e+10,58.92510333098839,36.989780796269635,3.998895065304506,0,42.992725974706886,3.3663431452362887e+06,41.751935592645026,2.097152e+06,2.097152e+06,2.047976e+06,96.62437450438873,1.978844e+06,2.3061104771878835e+07,0,0,15838.55726037474,459250.474091221,6831.889606457928,2.260185563410261e+07,9006.668540771683
2019-11-05 21:50:25.374540753,RCA=wally178-instance-000002fb anomaly=mem_leak_vod component=wally178-instance-000002fb group=backend host=vod-video-2 index=0 injected=wally178-instance-000002fb layer=virtual node=wally178 target=wally178-instance-000002fb|mem_leak_vod vm=instance-000002fb,1.5216984064e+10,1.7179869184e+10,1.7179869184e+10,59.479392559050346,36.06088469286304,2.6711766349968005,0,40.992076682490115,3.550544909200806e+06,42.00306359145019,2.097152e+06,2.097152e+06,2.047976e+06,96.62437450438873,1.978844e+06,2.3084808195137713e+07,0,0,15999.58357050838,461991.1522648298,6872.308967493506,2.26228197691621e+07,9127.273772368651
2019-11-05 21:50:25.874602741,RCA=wally178-instance-000002fb anomaly=mem_leak_vod component=wally178-instance-000002fb group=backend host=vod-video-2 index=0 injected=wally178-instance-000002fb layer=virtual node=wally178 target=wally178-instance-000002fb|mem_leak_vod vm=instance-000002fb,1.5216984064e+10,1.7179869184e+10,1.7179869184e+10,60.114318139391365,35.51253598215577,3.3502391695205227,0,35.99438696330817,2.858560449483227e+06,42.73004503742073,2.097152e+06,2.097152e+06,2.047976e+06,96.62437450438873,1.978844e+06,2.3032758513407372e+07,0,0,16352.231459106028,473679.25426803215,7078.751926731665,2.255907957796398e+07,9273.480477364088
2019-11-05 21:50:26.37473131,RCA=wally178-instance-000002fb anomaly=mem_leak_vod component=wally178-instance-000002fb group=backend host=vod-video-2 index=0 injected=wally178-instance-000002fb layer=virtual node=wally178 target=wally178-instance-000002fb|mem_leak_vod vm=instance-000002fb,1.5216984064e+10,1.7179869184e+10,1.7179869184e+10,57.86338235400825,34.86591593921805,2.6819935661549064,0,31.99454902469357,2.3343224438789054e+06,40.86234006831781,2.097152e+06,2.097152e+06,2.047976e+06,96.62437450438873,1.978844e+06,2.158006099960585e+07,0,0,15877.731679907747,462283.42391717253,6834.776209628275,2.111778094652893e+07,9042.955484782828
2019-11-05 21:50:26.874800739,RCA=wally178-instance-000002fb anomaly=mem_leak_vod component=wally178-instance-000002fb group=backend host=vod-video-2 index=0 injected=wally178-instance-000002fb layer=virtual node=wally178 target=wally178-instance-000002fb|mem_leak_vod vm=instance-000002fb,1.5216984064e+10,1.7179869184e+10,1.7179869184e+10,58.83558054434085,34.0276579753087,3.336044979670279,0,31.994149837708026,2.391627891437252e+06,40.68445716609625,2.097152e+06,2.097152e+06,2.047976e+06,96.62437450438873,1.978844e+06,2.3270689495299112e+07,0,0,16248.808247407902,476483.72357397043,7048.816669169117,2.2794211351465486e+07,9199.994870774543
2019-11-05 21:50:27.374922157,RCA=wally178-instance-000002fb anomaly=mem_leak_vod component=wally178-instance-000002fb group=backend host=vod-video-2 index=0 injected=wally178-instance-000002fb layer=virtual node=wally178 target=wally178-instance-000002fb|mem_leak_vod vm=instance-000002fb,1.5216984064e+10,1.7179869184e+10,1.7179869184e+10,56.53538829661207,30.85540045466985,1.9906709970754746,0,35.99328512871967,1.5766650122828619e+06,38.96440920727071,2.097152e+06,2.097152e+06,2.047976e+06,96.62437450438873,1.978844e+06,2.368822995143688e+07,0,0,15713.009859450045,453573.38455340394,6666.146278045676,2.3234661684376422e+07,9046.866019832638
2019-11-05 21:50:27.874959037,RCA=wally178-instance-000002fb anomaly=mem_leak_vod component=wally178-instance-000002fb group=backend host=vod-video-2 index=0 injected=wally178-instance-000002fb layer=virtual node=wally178 target=wally178-instance-000002fb|mem_leak_vod vm=instance-000002fb,1.5216984064e+10,1.7179869184e+10,1.7179869184e+10,57.48640195604627,35.23860730540026,1.329758791881266,0,42.99305352635564,1.6217545180320397e+06,38.99705439649321,2.097152e+06,2.097152e+06,2.047976e+06,96.62437450438873,1.978844e+06,2.2181365594988953e+07,0,0,15426.84101784583,434088.19755673705,6429.848638755942,2.1747278199495994e+07,8996.993939208545
2019-11-05 21:50:28.375034169,RCA=wally178-instance-000002fb anomaly=mem_leak_vod component=wally178-instance-000002fb group=backend host=vod-video-2 index=0 injected=wally178-instance-000002fb layer=virtual node=wally178 target=wally178-instance-000002fb|mem_leak_vod vm=instance-000002fb,1.5216984064e+10,1.7179869184e+10,1.7179869184e+10,55.6052965269772,37.33151849889303,0.6666342535759893,0,27.995725668596368,1.6791040205920606e+06,41.88141545255667,2.097152e+06,2.097152e+06,2.047976e+06,96.62437450438873,1.978844e+06,2.2701943559735868e+07,0,0,16485.26854527364,469398.23413948866,7014.879088497807,2.2232540196905773e+07,9470.383680128003
2019-11-05 21:50:28.875132989,RCA=wally178-instance-000002fb anomaly=mem_leak_vod component=wally178-instance-000002fb group=backend host=vod-video-2 index=0 injected=wally178-instance-000002fb layer=virtual node=wally178 target=wally178-instance-000002fb|mem_leak_vod vm=instance-000002fb,1.5216984064e+10,1.7179869184e+10,1.7179869184e+10,58.43640922979143,40.98353920737859,0.9995985012659815,0,22.996407363263266,1.298228583159762e+06,41.71501946445156,2.097152e+06,2.097152e+06,2.047976e+06,96.5724207705559,1.97778e+06,2.3438946809035745e+07,0,0,16481.942116729308,465398.42813448526,6962.851209806614,2.297353896728104e+07,9519.085198046736
2019-11-05 21:50:29.375175499,RCA=wally178-instance-000002fb anomaly=mem_leak_vod component=wally178-instance-000002fb group=backend host=vod-video-2 index=0 injected=wally178-instance-000002fb layer=virtual node=wally178 target=wally178-instance-000002fb|mem_leak_vod vm=instance-000002fb,1.5216984064e+10,1.7179869184e+10,1.7179869184e+10,58.79193597156167,39.97347020742538,2.9980100168871107,0,28.995744265618388,1.4333894049952286e+06,41.25885499375906,2.097152e+06,2.097152e+06,2.047976e+06,96.5724207705559,1.97778e+06,2.3400393495400347e+07,0,0,16467.915923972905,468082.6729310928,6951.035702922542,2.293230442221864e+07,9516.88095731511
2019-11-05 21:50:29.875236976,RCA=wally178-instance-000002fb anomaly=mem_leak_vod component=wally178-instance-000002fb group=backend host=vod-video-2 index=0 injected=wally178-instance-000002fb layer=virtual node=wally178 target=wally178-instance-000002fb|mem_leak_vod vm=instance-000002fb,1.5216984064e+10,1.7179869184e+10,1.7179869184e+10,57.60002735318541,32.955163840491736,2.9959239914829556,0,22.996774541393147,1.2286277291915792e+06,40.684494775015054,2.097152e+06,2.097152e+06,2.047976e+06,96.5724207705559,1.97778e+06,2.330414202200421e+07,0,0,16410.602026751305,466577.3614318453,6894.02477085301,2.2837561808425948e+07,9516.576671839659
2019-11-05 21:50:30.37531905,RCA=wally178-instance-000002fb anomaly=mem_leak_vod component=wally178-instance-000002fb group=backend host=vod-video-2 index=0 injected=wally178-instance-000002fb layer=virtual node=wally178 target=wally178-instance-000002fb|mem_leak_vod vm=instance-000002fb,1.5216984064e+10,1.7179869184e+10,1.7179869184e+10,58.24736785344792,34.966574227865486,1.9980899079696672,0,16.997359936060015,1.0688906105558288e+06,41.780608395869564,2.097152e+06,2.097152e+06,2.047976e+06,96.5724207705559,1.97778e+06,2.319408524264693e+07,0,0,16463.2157403888,465235.8788434296,6908.020645743077,2.2728857642232597e+07,9555.197030574287
2019-11-05 21:50:30.875457669,RCA=wally178-instance-000002fb anomaly=mem_leak_vod component=wally178-instance-000002fb group=backend host=vod-video-2 index=0 injected=wally178-instance-000002fb layer=virtual node=wally178 target=wally178-instance-000002fb|mem_leak_vod vm=instance-000002fb,1.521709056e+10,1.7179869184e+10,1.7179869184e+10,60.45236163560943,39.998584890065175,1.999929322497743,0,17.99694140181182,1.6135493238850457e+06,42.008208543976856,2.097152e+06,2.097152e+06,2.047976e+06,96.5724207705559,1.97778e+06,2.361092318042938e+07,0,0,16736.845791561027,472536.9695636406,7074.480945417933,2.31383843440225e+07,9662.366317706155
2019-11-05 21:50:31.375517201,RCA=wally178-instance-000002fb anomaly=mem_leak_vod component=wally178-instance-000002fb group=backend host=vod-video-2 index=0 injected=wally178-instance-000002fb layer=virtual node=wally178 target=wally178-instance-000002fb|mem_leak_vod vm=instance-000002fb,1.521709056e+10,1.7179869184e+10,1.7179869184e+10,60.05533206341315,40.02967786974037,2.001483885475143,0,24.9960590713347,1.9411973995179308e+06,42.630782574901026,2.097152e+06,2.097152e+06,2.047976e+06,96.5724207705559,1.97778e+06,2.310837723283206e+07,0,0,16586.641145756636,467929.57975949557,7023.887340105989,2.2640451340337485e+07,9562.75529828931
2019-11-05 21:50:31.875540888,RCA=wally178-instance-000002fb anomaly=mem_leak_vod component=wally178-instance-000002fb group=backend host=vod-video-2 index=0 injected=wally178-instance-000002fb layer=virtual node=wally178 target=wally178-instance-000002fb|mem_leak_vod vm=instance-000002fb,1.521709056e+10,1.7179869184e+10,1.7179869184e+10,59.37017909459949,38.70403045395406,2.0019327486220733,0,19.997277230724094,1.3228289088081808e+06,42.160921491585945,2.097152e+06,2.097152e+06,2.047976e+06,96.5724207705559,1.97778e+06,2.3253847228375476e+07,0,0,16533.47833794282,467006.1515951323,6979.016311789244,2.2786840459538665e+07,9554.461728616157
2019-11-05 21:50:32.375611803,RCA=wally178-instance-000002fb anomaly=mem_leak_vod component=wally178-instance-000002fb group=backend host=vod-video-2 index=0 injected=wally178-instance-000002fb layer=virtual node=wally178 target=wally178-instance-000002fb|mem_leak_vod vm=instance-000002fb,1.521709056e+10,1.7179869184e+10,1.7179869184e+10,57.60589126004704,37.94754719263072,2.9958588213553816,0,13.99807743405482,933760.1616975425,41.999288868040885,2.097152e+06,2.097152e+06,2.047976e+06,96.5724207705559,1.97778e+06,2.2616037845288172e+07,0,0,16341.34774255228,458798.6684411418,6889.385758459478,2.2157243050729614e+07,9451.962296360034
2019-11-05 21:50:32.875679305,RCA=wally178-instance-000002fb anomaly=mem_leak_vod component=wally178-instance-000002fb group=backend host=vod-video-2 index=0 injected=wally178-instance-000002fb layer=virtual node=wally178 target=wally178-instance-000002fb|mem_leak_vod vm=instance-000002fb,1.521709056e+10,1.7179869184e+10,1.7179869184e+10,57.09023755596,37.95906570272749,3.995691046775158,0,12.998050747319677,921461.4002264077,39.885521970832585,2.097152e+06,2.097152e+06,2.047976e+06,96.5724207705559,1.97778e+06,2.2489257448284764e+07,0,0,16277.27761578258,452298.01329396555,6822.804826246264,2.2036961386971015e+07,9454.474584395328
2019-11-05 21:50:33.375795775,RCA=wally178-instance-000002fb anomaly=mem_leak_vod component=wally178-instance-000002fb group=backend host=vod-video-2 index=0 injected=wally178-instance-000002fb layer=virtual node=wally178 target=wally178-instance-000002fb|mem_leak_vod vm=instance-000002fb,1.521709056e+10,1.7179869184e+10,1.7179869184e+10,57.09041756138306,37.98787318189464,3.3322694307861145,0,6.998732739462866,909147.0307255395,40.68475261234662,2.097152e+06,2.097152e+06,2.047976e+06,96.5724207705559,1.97778e+06,2.2302357985595815e+07,0,0,16345.147702980785,459722.3414058237,6867.318013946558,2.1842639735984668e+07,9477.831884902402
2019-11-05 21:50:33.875894484,RCA=wally178-instance-000002fb anomaly=mem_leak_vod component=wally178-instance-000002fb group=backend host=vod-video-2 index=0 injected=wally178-instance-000002fb layer=virtual node=wally178 target=wally178-instance-000002fb|mem_leak_vod vm=instance-000002fb,1.521709056e+10,1.7179869184e+10,1.7179869184e+10,56.87759117205602,37.358792453779564,2.668485308785222,0,4.999086027099837,647049.5291135164,39.33680328520019,2.097152e+06,2.097152e+06,2.047976e+06,96.5724207705559,1.97778e+06,2.238469602327113e+07,0,0,16463.190038464792,467922.8757883255,6956.516022528381,2.1916763347371876e+07,9506.670652365712
2019-11-05 21:50:34.375941042,RCA=wally178-instance-000002fb anomaly=mem_leak_vod component=wally178-instance-000002fb group=backend host=vod-video-2 index=0 injected=wally178-instance-000002fb layer=virtual node=wally178 target=wally178-instance-000002fb|mem_leak_vod vm=instance-000002fb,1.521709056e+10,1.7179869184e+10,1.7179869184e+10,53.27383727030948,34.69057071321164,2.001379083613882,0,5.999126221266747,647073.7886446684,38.09610160687452,2.097152e+06,2.097152e+06,2.047976e+06,96.5724207705559,1.97778e+06,2.008157814314289e+07,0,0,14743.853825320008,415363.13504493114,6265.687515253877,1.9666210842431456e+07,8478.162996730825
2019-11-05 21:50:34.876016864,RCA=wally178-instance-000002fb anomaly=mem_leak_vod component=wally178-instance-000002fb group=backend host=vod-video-2 index=0 injected=wally178-instance-000002fb layer=virtual node=wally178 target=wally178-instance-000002fb|mem_leak_vod vm=instance-000002fb,1.521709056e+10,1.7179869184e+10,1.7179869184e+10,52.526724323877126,30.992164839814684,1.999494477808648,0,9.998513990855136,794506.287537451,36.92789418760245,2.097152e+06,2.097152e+06,2.047976e+06,96.5724207705559,1.97778e+06,2.1335143207808394e+07,0,0,15567.287874283047,437950.43396291445,6572.691421392658,2.08971872023137e+07,8994.593469096848
2019-11-05 21:50:35.376134239,RCA=wally178-instance-000002fb anomaly=mem_leak_vod component=wally178-instance-000002fb group=backend host=vod-video-2 index=0 injected=wally178-instance-000002fb layer=virtual node=wally178 target=wally178-instance-000002fb|mem_leak_vod vm=instance-000002fb,1.521709056e+10,1.7179869184e+10,1.7179869184e+10,54.31080404546902,33.34038593630506,2.00042313616984,0,7.9986439019142255,802679.5838020534,39.97842684130789,2.097152e+06,2.097152e+06,2.047976e+06,96.5724207705559,1.97778e+06,2.273455373775389e+07,0,0,16740.35030447226,477024.1028027055,7094.976040475614,2.2257524902680364e+07,9645.37314221453
2019-11-05 21:50:35.876248291,RCA=wally178-instance-000002fb anomaly=mem_leak_vod component=wally178-instance-000002fb group=backend host=vod-video-2 index=0 injected=wally178-instance-000002fb layer=virtual node=wally178 target=wally178-instance-000002fb|mem_leak_vod vm=instance-000002fb,1.521709056e+10,1.7179869184e+10,1.7179869184e+10,58.92589931561254,40.942353820897836,2.995782022793803,0,6.998665942292743,1.0483759143116258e+06,41.22839376816497,2.097152e+06,2.097152e+06,2.047976e+06,96.5724207705559,1.97778e+06,2.3219696568073004e+07,0,0,16796.766491080973,482571.3053699343,7144.341426849074,2.273712434964446e+07,9652.426190543974
2019-11-05 21:50:36.376312932,RCA=wally178-instance-000002fb anomaly=mem_leak_vod component=wally178-instance-000002fb group=backend host=vod-video-2 index=0 injected=wally178-instance-000002fb layer=virtual node=wally178 target=wally178-instance-000002fb|mem_leak_vod vm=instance-000002fb,1.521709056e+10,1.7179869184e+10,1.7179869184e+10,58.86703651844354,39.85879924705612,1.992940043774908,0,5.9989737675555315,917347.6151653047,41.820169382380016,2.097152e+06,2.097152e+06,2.047976e+06,96.5724207705559,1.97778e+06,2.2591271513712607e+07,0,0,16794.769062211144,489575.2389361566,7232.275541151973,2.2101707077368826e+07,9562.499742542324
2019-11-05 21:50:36.876373266,RCA=wally178-instance-000002fb anomaly=mem_leak_vod component=wally178-instance-000002fb group=backend host=vod-video-2 index=0 injected=wally178-instance-000002fb layer=virtual node=wally178 target=wally178-instance-000002fb|mem_leak_vod vm=instance-000002fb,1.521709056e+10,1.7179869184e+10,1.7179869184e+10,58.609389283464964,37.96680353549472,0.9991264836978326,0,5.999140869035286,733078.9409908087,41.995971802379344,2.097152e+06,2.097152e+06,2.047976e+06,96.5724207705559,1.97778e+06,2.139914233555776e+07,0,0,16642.38063413262,478957.2222409173,7176.814005296794,2.092018633101462e+07,9465.56597655664
2019-11-05 21:50:37.376414708,RCA=wally178-instance-000002fb anomaly=mem_leak_vod component=wally178-instance-000002fb group=backend host=vod-video-2 index=0 injected=wally178-instance-000002fb layer=virtual node=wally178 target=wally178-instance-000002fb|mem_leak_vod vm=instance-000002fb,1.521709056e+10,1.7179869184e+10,1.7179869184e+10,58.08429930858298,37.31397347571511,1.9989628501189929,0,7.998900415156629,864137.2018740353,40.6872984090688,2.097152e+06,2.097152e+06,2.047976e+06,96.5724207705559,1.97778e+06,2.1250050781525325e+07,0,0,16551.015551469616,475748.74197854643,7144.697392209241,2.077430239820023e+07,9406.319360589541
2019-11-05 21:50:37.876496544,RCA=wally178-instance-000002fb anomaly=mem_leak_vod component=wally178-instance-000002fb group=backend host=vod-video-2 index=0 injected=wally178-instance-000002fb layer=virtual node=wally178 target=wally178-instance-000002fb|mem_leak_vod vm=instance-000002fb,1.521709056e+10,1.7179869184e+10,1.7179869184e+10,56.39747586852562,37.98207295533203,2.998584581118759,0,7.998927183886097,602031.4349493122,40.11201099904501,2.097152e+06,2.097152e+06,2.047976e+06,96.5724207705559,1.97778e+06,2.1094882780234937e+07,0,0,16341.634814740244,470364.3064793585,7060.761777218448,2.0624513152487673e+07,9280.868951281234
2019-11-05 21:50:38.376605752,RCA=wally178-instance-000002fb anomaly=mem_leak_vod component=wally178-instance-000002fb group=backend host=vod-video-2 index=0 injected=wally178-instance-000002fb layer=virtual node=wally178 target=wally178-instance-000002fb|mem_leak_vod vm=instance-000002fb,1.521709056e+10,1.7179869184e+10,1.7179869184e+10,55.67058545879016,38.88315479780533,1.9940080019660757,0,4.999218467177808,208863.33231278296,38.914995174161426,2.097152e+06,2.097152e+06,2.047976e+06,96.5724207705559,1.97778e+06,2.0052670340577897e+07,0,0,15935.755417531927,464571.15136204107,6938.310921596757,1.958809523423188e+07,8997.443732790252
2019-11-05 21:50:38.876656322,RCA=wally178-instance-000002fb anomaly=mem_leak_vod component=wally178-instance-000002fb group=backend host=vod-video-2 index=0 injected=wally178-instance-000002fb layer=virtual node=wally178 target=wally178-instance-000002fb|mem_leak_vod vm=instance-000002fb,1.521709056e+10,1.7179869184e+10,1.7179869184e+10,55.16216473555681,36.89948432870923,1.994566670742065,0,2.9995409352575635,364488.2697435562,38.901753660033336,2.097152e+06,2.097152e+06,2.047976e+06,96.73140700867589,1.981036e+06,1.7859567487371404e+07,0,0,15115.693889475933,448382.6020996381,6665.15659915438,1.7411176210200448e+07,8450.536468438497
2019-11-05 21:50:39.376752691,RCA=wally178-instance-000002fb anomaly=mem_leak_vod component=wally178-instance-000002fb group=backend host=vod-video-2 index=0 injected=wally178-instance-000002fb layer=virtual node=wally178 target=wally178-instance-000002fb|mem_leak_vod vm=instance-000002fb,1.521709056e+10,1.7179869184e+10,1.7179869184e+10,53.29177407509032,32.89881335007088,0.9969337040891232,0,2.999570413523657,364491.8084179526,36.78019548306097,2.097152e+06,2.097152e+06,2.047976e+06,96.73140700867589,1.981036e+06,1.6294613149906157e+07,0,0,14460.19291853206,430440.6835685947,6442.98511930224,1.5864174545101652e+07,8017.208134745356
2019-11-05 21:50:39.876813221,RCA=wally178-instance-000002fb anomaly=mem_leak_vod component=wally178-instance-000002fb group=backend host=vod-video-2 index=0 injected=wally178-instance-000002fb layer=virtual node=wally178 target=wally178-instance-000002fb|mem_leak_vod vm=instance-000002fb,1.521709056e+10,1.7179869184e+10,1.7179869184e+10,53.12697290455169,35.99418866625146,1.3331181236309084,0,4.999205871148162,327627.8930770013,36.77258539199739,2.097152e+06,2.097152e+06,2.047976e+06,96.73140700867589,1.981036e+06,1.611613998629674e+07,0,0,14385.55746424645,430651.5364784209,6427.774295108035,1.568549177209632e+07,7957.783808036209
2019-11-05 21:50:40.376879724,RCA=wally178-instance-000002fb anomaly=mem_leak_vod component=wally178-instance-000002fb group=backend host=vod-video-2 index=0 injected=wally178-instance-000002fb layer=virtual node=wally178 target=wally178-instance-000002fb|mem_leak_vod vm=instance-000002fb,1.521719296e+10,1.7179869184e+10,1.7179869184e+10,53.6971767946659,33.992059976001194,1.3330218709958126,0,12.997942919557664,888691.664921809,37.263575423293254,2.097152e+06,2.097152e+06,2.047976e+06,96.73140700867589,1.981036e+06,1.6162009172459004e+07,0,0,14338.546311842549,433060.3534984672,6460.172146321774,1.57289488563208e+07,7878.37334451566
2019-11-05 21:50:40.876950539,RCA=wally178-instance-000002fb anomaly=mem_leak_vod component=wally178-instance-000002fb group=backend host=vod-video-2 index=0 injected=wally178-instance-000002fb layer=virtual node=wally178 target=wally178-instance-000002fb|mem_leak_vod vm=instance-000002fb,1.521719296e+10,1.7179869184e+10,1.7179869184e+10,53.816712855157945,34.783554808342956,1.3378290534624457,0,10.998484969693909,954236.4899896592,38.71602277374143,2.097152e+06,2.097152e+06,2.047976e+06,96.73140700867589,1.981036e+06,1.6320789968282588e+07,0,0,14428.041810330693,434811.9185219559,6504.681305561813,1.5885976132204287e+07,7923.360948223521
2019-11-05 21:50:41.377010982,RCA=wally178-instance-000002fb anomaly=mem_leak_vod component=wally178-instance-000002fb group=backend host=vod-video-2 index=0 injected=wally178-instance-000002fb layer=virtual node=wally178 target=wally178-instance-000002fb|mem_leak_vod vm=instance-000002fb,1.521719296e+10,1.7179869184e+10,1.7179869184e+10,53.908469171470074,35.42620774233687,0.6684192096977959,0,7.998913851484848,565171.1129914464,38.59078293455484,2.097152e+06,2.097152e+06,2.047976e+06,96.73140700867589,1.981036e+06,1.6947318295648128e+07,0,0,14524.64356497078,443107.08573145425,6578.640880793341,1.6504208118693588e+07,7946.002173711336
2019-11-05 21:50:41.877255252,RCA=wally178-instance-000002fb anomaly=mem_leak_vod component=wally178-instance-000002fb group=backend host=vod-video-2 index=0 injected=wally178-instance-000002fb layer=virtual node=wally178 target=wally178-instance-000002fb|mem_leak_vod vm=instance-000002fb,1.521719296e+10,1.7179869184e+10,1.7179869184e+10,52.55489418235516,45.815384890705964,0.9959866230988785,0,10.996735421148994,737061.31022395,36.67298640016972,2.097152e+06,2.097152e+06,2.047976e+06,96.73140700867589,1.981036e+06,1.606266175837419e+07,0,0,14196.61868003766,432856.02553616196,6427.338701884474,1.5629811835901067e+07,7769.281503779346
2019-11-05 21:50:42.377338459,RCA=wally178-instance-000002fb anomaly=mem_leak_vod component=wally178-instance-000002fb group=backend host=vod-video-2 index=0 injected=wally178-instance-000002fb layer=virtual node=wally178 target=wally178-instance-000002fb|mem_leak_vod vm=instance-000002fb,1.521719296e+10,1.7179869184e+10,1.7179869184e+10,52.066426454239604,42.05715393383372,1.335147677974311,0,15.99482057319681,1.171076331198044e+06,35.8893755577938,2.097152e+06,2.097152e+06,2.047976e+06,96.73140700867589,1.981036e+06,1.4425476197134726e+07,0,0,13912.598026694834,427566.72284179146,6342.316795136788,1.3997907749749893e+07,7570.279629620343
2019-11-05 21:50:42.877397874,RCA=wally178-instance-000002fb anomaly=mem_leak_vod component=wally178-instance-000002fb group=backend host=vod-video-2 index=0 injected=wally178-instance-000002fb layer=virtual node=wally178 target=wally178-instance-000002fb|mem_leak_vod vm=instance-000002fb,1.521719296e+10,1.7179869184e+10,1.7179869184e+10,52.07421325893387,40.673675445956384,2.6671252379554127,0,17.996972333350413,1.5889802393508868e+06,37.968332550204835,2.097152e+06,2.097152e+06,2.047976e+06,96.73140700867589,1.981036e+06,1.4579948387685964e+07,0,0,13992.929304109733,429387.69813479803,6371.256992050062,1.4150558729760299e+07,7621.671934312616
2019-11-05 21:50:43.377475664,RCA=wally178-instance-000002fb anomaly=mem_leak_vod component=wally178-instance-000002fb group=backend host=vod-video-2 index=0 injected=wally178-instance-000002fb layer=virtual node=wally178 target=wally178-instance-000002fb|mem_leak_vod vm=instance-000002fb,1.521719296e+10,1.7179869184e+10,1.7179869184e+10,52.70791405756812,34.96967000090581,3.9965340258487525,0,16.997548069695853,1.4006306327345625e+06,38.06082952822082,2.097152e+06,2.097152e+06,2.047976e+06,96.73140700867589,1.981036e+06,1.4933482597684497e+07,0,0,14327.397244507849,440555.01364450436,6541.333844423158,1.449293545239411e+07,7786.067686604039
2019-11-05 21:50:43.877583666,RCA=wally178-instance-000002fb anomaly=mem_leak_vod component=wally178-instance-000002fb group=backend host=vod-video-2 index=0 injected=wally178-instance-000002fb layer=virtual node=wally178 target=wally178-instance-000002fb|mem_leak_vod vm=instance-000002fb,1.521719296e+10,1.7179869184e+10,1.7179869184e+10,53.06663563537166,33.999805589111645,3.333314506772999,0,17.997009490923922,1.1221180504515057e+06,38.047198208862866,2.097152e+06,2.097152e+06,2.047976e+06,96.73140700867589,1.981036e+06,1.4769541342909908e+07,0,0,14274.296306386943,435266.33280655,6498.563020258064,1.4334279554530544e+07,7775.733882654019
2019-11-05 21:50:44.377683081,RCA=wally178-instance-000002fb anomaly=mem_leak_vod component=wally178-instance-000002fb group=backend host=vod-video-2 index=0 injected=wally178-instance-000002fb layer=virtual node=wally178 target=wally178-instance-000002fb|mem_leak_vod vm=instance-000002fb,1.521719296e+10,1.7179869184e+10,1.7179869184e+10,54.4245731659116,30.99239666631825,0.9997546941897054,0,24.99560612238217,1.9002058963648598e+06,38.118749434174816,2.097152e+06,2.097152e+06,2.047976e+06,96.73140700867589,1.981036e+06,1.7178424113245606e+07,0,0,14592.815391019307,442654.0756838315,6578.443873618996,1.6735772621906802e+07,8014.371447480224
2019-11-05 21:50:44.877754289,RCA=wally178-instance-000002fb anomaly=mem_leak_vod component=wally178-instance-000002fb group=backend host=vod-video-2 index=0 injected=wally178-instance-000002fb layer=virtual node=wally178 target=wally178-instance-000002fb|mem_leak_vod vm=instance-000002fb,1.521719296e+10,1.7179869184e+10,1.7179869184e+10,54.76187360460321,31.97817610997563,0.9993179425199175,0,18.996832563122585,1.5889825413986687e+06,38.960087377446264,2.097152e+06,2.097152e+06,2.047976e+06,96.73140700867589,1.981036e+06,1.952730317931633e+07,0,0,14940.954385709023,445922.88167628937,6630.429348035349,1.908137622095199e+07,8310.524799016779
2019-11-05 21:50:45.37780489,RCA=wally178-instance-000002fb anomaly=mem_leak_vod component=wally178-instance-000002fb group=backend host=vod-video-2 index=0 injected=wally178-instance-000002fb layer=virtual node=wally178 target=wally178-instance-000002fb|mem_leak_vod vm=instance-000002fb,1.521719296e+10,1.7179869184e+10,1.7179869184e+10,53.8466369415854,30.6632892484513,2.6663728963664366,0,10.998405066289312,1.0484258790436574e+06,37.8069849825502,2.097152e+06,2.097152e+06,2.047976e+06,96.73140700867589,1.981036e+06,1.8218020392287463e+07,0,0,14768.458525169686,438585.7948795424,6554.491949538512,1.7779429037949864e+07,8213.966961226928
2019-11-05 21:50:45.877877079,RCA=wally178-instance-000002fb anomaly=mem_leak_vod component=wally178-instance-000002fb group=backend host=vod-video-2 index=0 injected=wally178-instance-000002fb layer=virtual node=wally178 target=wally178-instance-000002fb|mem_leak_vod vm=instance-000002fb,1.521719296e+10,1.7179869184e+10,1.7179869184e+10,52.323725349311715,30.933150430471013,2.9935307435742073,0,12.99818741576306,1.310537084407518e+06,36.961238158163724,2.097152e+06,2.097152e+06,2.047976e+06,96.73140700867589,1.981036e+06,1.663959204597105e+07,0,0,14687.18778977517,439013.1970173547,6560.374770734083,1.620058033430033e+07,8126.812894768959
2019-11-05 21:50:46.377974847,RCA=wally178-instance-000002fb anomaly=mem_leak_vod component=wally178-instance-000002fb group=backend host=vod-video-2 index=0 injected=wally178-instance-000002fb layer=virtual node=wally178 target=wally178-instance-000002fb|mem_leak_vod vm=instance-000002fb,1.521719296e+10,1.7179869184e+10,1.7179869184e+10,53.204105697097226,33.95972580278145,0.9988154597995281,0,7.998618878478253,810868.4600793103,37.98479567389643,2.097152e+06,2.097152e+06,2.047976e+06,96.73140700867589,1.981036e+06,1.704450297801229e+07,0,0,14850.74474463468,453305.5603024409,6640.260245654531,1.659120087299495e+07,8210.483757979604
2019-11-05 21:50:46.878028288,RCA=wally178-instance-000002fb anomaly=mem_leak_vod component=wally178-instance-000002fb group=backend host=vod-video-2 index=0 injected=wally178-instance-000002fb layer=virtual node=wally178 target=wally178-instance-000002fb|mem_leak_vod vm=instance-000002fb,1.521719296e+10,1.7179869184e+10,1.7179869184e+10,45.734075183384824,27.9554659921886,2.662425212084749,0,22.996457257780698,1.7651045304534254e+06,33.34836519787525,2.097152e+06,2.097152e+06,2.047976e+06,96.73140700867589,1.981036e+06,1.4856109097234717e+07,0,0,12563.794603528924,380251.4295934139,5602.64712111394,1.4475856813696604e+07,6961.146809361693
2019-11-05 21:50:47.378163433,RCA=wally178-instance-000002fb anomaly=mem_leak_vod component=wally178-instance-000002fb group=backend host=vod-video-2 index=0 injected=wally178-instance-000002fb layer=virtual node=wally178 target=wally178-instance-000002fb|mem_leak_vod vm=instance-000002fb,1.5217311744e+10,1.7179869184e+10,1.7179869184e+10,48.30107977215164,28.057482168032138,4.008212094414714,0,45.99230608509194,3.784067099882352e+06,34.78223388509171,2.097152e+06,2.097152e+06,2.047976e+06,96.73140700867589,1.981036e+06,1.7173566182207327e+07,0,0,13377.750423208869,401671.0177462099,5918.2739999545365,1.6771895403898405e+07,7459.477315670513
2019-11-05 21:50:47.878231894,RCA=wally178-instance-000002fb anomaly=mem_leak_vod component=wally178-instance-000002fb group=backend host=vod-video-2 index=0 injected=wally178-instance-000002fb layer=virtual node=wally178 target=wally178-instance-000002fb|mem_leak_vod vm=instance-000002fb,1.5217311744e+10,1.7179869184e+10,1.7179869184e+10,48.22965086431565,30.001195507639384,4.666852777644204,0,38.992190137260835,3.1901447077611433e+06,34.71211197193299,2.097152e+06,2.097152e+06,2.047976e+06,96.73140700867589,1.981036e+06,2.063934566783775e+07,0,0,15893.72470342352,474961.8819341653,7059.433388697922,2.016438776755288e+07,8834.291798997934
2019-11-05 21:50:48.378308119,RCA=wally178-instance-000002fb anomaly=mem_leak_vod component=wally178-instance-000002fb group=backend host=vod-video-2 index=0 injected=wally178-instance-000002fb layer=virtual node=wally178 target=wally178-instance-000002fb|mem_leak_vod vm=instance-000002fb,1.5217311744e+10,1.7179869184e+10,1.7179869184e+10,54.35966976409302,34.968665522978824,3.9964190087472122,0,25.99563515088872,2.236042205296625e+06,38.89210203025847,2.097152e+06,2.097152e+06,2.047976e+06,96.73140700867589,1.981036e+06,1.9272704003492765e+07,0,0,15537.344242351332,465556.0257655881,6916.528288907873,1.8807148179138165e+07,8620.813931465842
2019-11-05 21:50:48.878414643,RCA=wally178-instance-000002fb anomaly=mem_leak_vod component=wally178-instance-000002fb group=backend host=vod-video-2 index=0 injected=wally178-instance-000002fb layer=virtual node=wally178 target=wally178-instance-000002fb|mem_leak_vod vm=instance-000002fb,1.5217311744e+10,1.7179869184e+10,1.7179869184e+10,55.743609102198754,30.96881332107721,2.996981652864932,0,22.996543297590765,2.3998952837393773e+06,39.316592328319935,2.097152e+06,2.097152e+06,2.047976e+06,96.3026910471607,1.972256e+06,1.8563384775453214e+07,0,0,15192.29737074548,462566.2594520624,6823.295281630363,1.8100822192178275e+07,8369.002961170267
2019-11-05 21:50:49.378581954,RCA=wally178-instance-000002fb anomaly=mem_leak_vod component=wally178-instance-000002fb group=backend host=vod-video-2 index=0 injected=wally178-instance-000002fb layer=virtual node=wally178 target=wally178-instance-000002fb|mem_leak_vod vm=instance-000002fb,1.5217311744e+10,1.7179869184e+10,1.7179869184e+10,54.833884545296144,33.89231516714278,1.9936652443187615,0,21.99414905048714,2.174396905918428e+06,39.885163156746216,2.097152e+06,2.097152e+06,2.047976e+06,96.3026910471607,1.972256e+06,1.8235993372695256e+07,0,0,15013.12525340379,453873.701152491,6746.690171962489,1.7782124245051745e+07,8266.439591740012
2019-11-05 21:50:49.878674681,RCA=wally178-instance-000002fb anomaly=mem_leak_vod component=wally178-instance-000002fb group=backend host=vod-video-2 index=0 injected=wally178-instance-000002fb layer=virtual node=wally178 target=wally178-instance-000002fb|mem_leak_vod vm=instance-000002fb,1.5217311744e+10,1.7179869184e+10,1.7179869184e+10,54.301580901338355,34.94554680060889,2.9953326546854733,0,31.991077304646808,2.645278300659182e+06,38.892158267868524,2.097152e+06,2.097152e+06,2.047976e+06,96.3026910471607,1.972256e+06,1.7379923325738568e+07,0,0,15108.02921031331,451936.4613553852,6768.5004014728465,1.6927985614352833e+07,8339.527521561415
2019-11-05 21:50:50.378860002,RCA=wally178-instance-000002fb anomaly=mem_leak_vod component=wally178-instance-000002fb group=backend host=vod-video-2 index=0 injected=wally178-instance-000002fb layer=virtual node=wally178 target=wally178-instance-000002fb|mem_leak_vod vm=instance-000002fb,1.5217311744e+10,1.7179869184e+10,1.7179869184e+10,46.67057266838004,30.666366320274925,3.3333008114284164,0,22.99417157535411,1.8017838820138357e+06,33.97700918491895,2.097152e+06,2.097152e+06,2.047976e+06,96.3026910471607,1.972256e+06,1.5174577512857359e+07,0,0,12862.559345514966,389818.37720206496,5812.278287386208,1.4784762885272507e+07,7050.2833415707655
2019-11-05 21:50:50.878932711,RCA=wally178-instance-000002fb anomaly=mem_leak_vod component=wally178-instance-000002fb group=backend host=vod-video-2 index=0 injected=wally178-instance-000002fb layer=virtual node=wally178 target=wally178-instance-000002fb|mem_leak_vod vm=instance-000002fb,1.5217311744e+10,1.7179869184e+10,1.7179869184e+10,49.57579555376824,29.347368497103037,4.0019142596593085,0,22.99409405891734,1.867296157171899e+06,34.085832124694285,2.097152e+06,2.097152e+06,2.047976e+06,96.3026910471607,1.972256e+06,1.8473389700284842e+07,0,0,14117.44585852487,428935.7979923572,6367.476969719393,1.804445591679666e+07,7749.968708933648
2019-11-05 21:50:51.379065869,RCA=wally178-instance-000002fb anomaly=mem_leak_vod component=wally178-instance-000002fb group=backend host=vod-video-2 index=0 injected=wally178-instance-000002fb layer=virtual node=wally178 target=wally178-instance-000002fb|mem_leak_vod vm=instance-000002fb,1.5217311744e+10,1.7179869184e+10,1.7179869184e+10,58.64281060997446,31.94309044560683,3.992886229970935,0,25.99539829459389,2.1295414271614105e+06,39.99888731095279,2.097152e+06,2.097152e+06,2.047976e+06,96.3026910471607,1.972256e+06,2.1428791261248395e+07,0,0,16860.014569984072,503873.39354311366,7551.360378420864,2.0924906988249358e+07,9308.649432306478
2019-11-05 21:50:51.879088174,RCA=wally178-instance-000002fb anomaly=mem_leak_vod component=wally178-instance-000002fb group=backend host=vod-video-2 index=0 injected=wally178-instance-000002fb layer=virtual node=wally178 target=wally178-instance-000002fb|mem_leak_vod vm=instance-000002fb,1.5217311744e+10,1.7179869184e+10,1.7179869184e+10,58.25639540139864,32.6590851430961,4.665583476813189,0,18.996844016309883,1.6463185102764359e+06,40.835065130185924,2.097152e+06,2.097152e+06,2.047976e+06,96.3026910471607,1.972256e+06,1.7637294390956312e+07,0,0,15453.875838353286,462884.1433474209,6935.316238303891,1.7174415341138735e+07,8518.563476123689
2019-11-05 21:50:52.379194043,RCA=wally178-instance-000002fb anomaly=mem_leak_vod component=wally178-instance-000002fb group=backend host=vod-video-2 index=0 injected=wally178-instance-000002fb layer=virtual node=wally178 target=wally178-instance-000002fb|mem_leak_vod vm=instance-000002fb,1.521741824e+10,1.7179869184e+10,1.7179869184e+10,58.051319682463834,33.880516496197274,4.982428876639922,0,27.995158657237614,2.5063191486577503e+06,40.8742475570676,2.097152e+06,2.097152e+06,2.047976e+06,96.3026910471607,1.972256e+06,1.859510353519285e+07,0,0,15613.869883173318,471777.13774896064,7018.264908296478,1.8123329836261865e+07,8595.605221294654
2019-11-05 21:50:52.879259268,RCA=wally178-instance-000002fb anomaly=mem_leak_vod component=wally178-instance-000002fb group=backend host=vod-video-2 index=0 injected=wally178-instance-000002fb layer=virtual node=wally178 target=wally178-instance-000002fb|mem_leak_vod vm=instance-000002fb,1.521741824e+10,1.7179869184e+10,1.7179869184e+10,58.88553512667553,32.86635845173362,2.9878510302055075,0,21.996089183327562,1.9739214197123304e+06,41.30145351232763,2.097152e+06,2.097152e+06,2.047976e+06,96.3026910471607,1.972256e+06,2.0437534986493595e+07,0,0,16026.366580681937,482201.13349323074,7177.006693852232,1.9955324621050272e+07,8849.355733088181
2019-11-05 21:50:53.37940967,RCA=wally178-instance-000002fb anomaly=mem_leak_vod component=wally178-instance-000002fb group=backend host=vod-video-2 index=0 injected=wally178-instance-000002fb layer=virtual node=wally178 target=wally178-instance-000002fb|mem_leak_vod vm=instance-000002fb,1.521741824e+10,1.7179869184e+10,1.7179869184e+10,58.813228193026546,32.6389252991458,3.330502608166883,0,9.99829002245233,1.09344480443637e+06,40.785691004917105,2.097152e+06,2.097152e+06,2.047976e+06,96.3026910471607,1.972256e+06,2.005011896493294e+07,0,0,16094.1461336582,480803.57755301625,7188.940594159682,1.9569311221252635e+07,8905.201856364156
2019-11-05 21:50:53.879468128,RCA=wally178-instance-000002fb anomaly=mem_leak_vod component=wally178-instance-000002fb group=backend host=vod-video-2 index=0 injected=wally178-instance-000002fb layer=virtual node=wally178 target=wally178-instance-000002fb|mem_leak_vod vm=instance-000002fb,1.521741824e+10,1.7179869184e+10,1.7179869184e+10,58.237778945050344,32.96013007529559,3.995167214018225,0,35.99357352741455,1.36781976483843e+06,40.74143676378537,2.097152e+06,2.097152e+06,2.047976e+06,96.3026910471607,1.972256e+06,2.0024146375466958e+07,0,0,16120.850063734044,479591.11981557304,7137.5062893011145,1.9544555765588604e+07,8983.344285125851
2019-11-05 21:50:54.379534683,RCA=wally178-instance-000002fb anomaly=mem_leak_vod component=wally178-instance-000002fb group=backend host=vod-video-2 index=0 injected=wally178-instance-000002fb layer=virtual node=wally178 target=wally178-instance-000002fb|mem_leak_vod vm=instance-000002fb,1.521741824e+10,1.7179869184e+10,1.7179869184e+10,58.463747681366684,37.65998729429331,1.98210465729631,0,38.99367737018281,1.7609951519901848e+06,41.56877015101805,2.097152e+06,2.097152e+06,2.047976e+06,96.3026910471607,1.972256e+06,1.8974742024838384e+07,0,0,15927.032511974896,470958.12446736137,7009.12085909482,1.850378782218198e+07,8917.915043563931
2019-11-05 21:50:54.879590429,RCA=wally178-instance-000002fb anomaly=mem_leak_vod component=wally178-instance-000002fb group=backend host=vod-video-2 index=0 injected=wally178-instance-000002fb layer=virtual node=wally178 target=wally178-instance-000002fb|mem_leak_vod vm=instance-000002fb,1.521741824e+10,1.7179869184e+10,1.7179869184e+10,58.64871843401328,36.000353331467835,2.6666928198120483,0,11.998175401472173,1.3555698923757137e+06,41.872938619533016,2.097152e+06,2.097152e+06,2.047976e+06,96.3026910471607,1.972256e+06,1.9251758009836085e+07,0,0,16200.364283895944,471930.67947395035,7123.485374290121,1.877982010410314e+07,9076.874339722679
2019-11-05 21:50:55.379673344,RCA=wally178-instance-000002fb anomaly=mem_leak_vod component=wally178-instance-000002fb group=backend host=vod-video-2 index=0 injected=wally178-instance-000002fb layer=virtual node=wally178 target=wally178-instance-000002fb|mem_leak_vod vm=instance-000002fb,1.521741824e+10,1.7179869184e+10,1.7179869184e+10,60.24843870272314,39.38689470493089,2.0027234595727568,0,10.998312199009941,1.2245156058250125e+06,42.00526208319169,2.097152e+06,2.097152e+06,2.047976e+06,96.3026910471607,1.972256e+06,2.044448413043166e+07,0,0,16495.314252197262,488453.8705222899,7300.016831373355,1.9956027649446562e+07,9195.295990135168
2019-11-05 21:50:55.879783449,RCA=wally178-instance-000002fb anomaly=mem_leak_vod component=wally178-instance-000002fb group=backend host=vod-video-2 index=0 injected=wally178-instance-000002fb layer=virtual node=wally178 target=wally178-instance-000002fb|mem_leak_vod vm=instance-000002fb,1.521741824e+10,1.7179869184e+10,1.7179869184e+10,61.0730145251239,38.98291526958812,1.9991239858685166,0,9.998576522657624,1.191766211451387e+06,40.976786568455395,2.097152e+06,2.097152e+06,2.047976e+06,96.3026910471607,1.972256e+06,2.0680507521102495e+07,0,0,16715.099126019933,495608.27151814604,7370.700911776814,2.018489366503009e+07,9344.395972252896
2019-11-05 21:50:56.379816154,RCA=wally178-instance-000002fb anomaly=mem_leak_vod component=wally178-instance-000002fb group=backend host=vod-video-2 index=0 injected=wally178-instance-000002fb layer=virtual node=wally178 target=wally178-instance-000002fb|mem_leak_vod vm=instance-000002fb,1.521741824e+10,1.7179869184e+10,1.7179869184e+10,60.18881789622844,39.30669573592684,2.6648607580407484,0,27.996211860569357,941953.0209649618,40.891816039001796,2.097152e+06,2.097152e+06,2.047976e+06,96.3026910471607,1.972256e+06,1.9435494923205886e+07,0,0,16422.708138242695,480233.09491777234,7194.739044551823,1.8955258939489543e+07,9227.968926327323
2019-11-05 21:50:56.879879676,RCA=wally178-instance-000002fb anomaly=mem_leak_vod component=wally178-instance-000002fb group=backend host=vod-video-2 index=0 injected=wally178-instance-000002fb layer=virtual node=wally178 target=wally178-instance-000002fb|mem_leak_vod vm=instance-000002fb,1.521741824e+10,1.7179869184e+10,1.7179869184e+10,59.37496453532033,39.400562276342086,2.671224539701616,0,30.995427461554588,1.1549014730230009e+06,41.33439314717363,2.097152e+06,2.097152e+06,2.047976e+06,96.3026910471607,1.972256e+06,1.960616133477613e+07,0,0,16474.096543116935,480389.717268537,7212.936394399723,1.9125773996326327e+07,9261.161784296783
2019-11-05 21:50:57.3799784,RCA=wally178-instance-000002fb anomaly=mem_leak_vod component=wally178-instance-000002fb group=backend host=vod-video-2 index=0 injected=wally178-instance-000002fb layer=virtual node=wally178 target=wally178-instance-000002fb|mem_leak_vod vm=instance-000002fb,1.521741824e+10,1.7179869184e+10,1.7179869184e+10,59.18033409827831,42.74259112915108,2.671411966981268,0,12.998039310760168,1.1262303142572418e+06,42.10156680212334,2.097152e+06,2.097152e+06,2.047976e+06,96.3026910471607,1.972256e+06,2.015696558960772e+07,0,0,16490.35289427941,481780.8373486798,7236.053008216879,1.9675182552302364e+07,9254.299665355555
2019-11-05 21:50:57.880025098,RCA=wally178-instance-000002fb anomaly=mem_leak_vod component=wally178-instance-000002fb group=backend host=vod-video-2 index=0 injected=wally178-instance-000002fb layer=virtual node=wally178 target=wally178-instance-000002fb|mem_leak_vod vm=instance-000002fb,1.521741824e+10,1.7179869184e+10,1.7179869184e+10,59.27361007041533,42.052102948038915,1.3349873559676302,0,13.998010952633686,1.302343387615432e+06,40.971627311972966,2.097152e+06,2.097152e+06,2.047976e+06,96.3026910471607,1.972256e+06,2.0822301556974944e+07,0,0,16718.73495270743,495714.86022903986,7372.677577072513,2.032658341479392e+07,9346.05583352949
2019-11-05 21:50:58.380088558,RCA=wally178-instance-000002fb anomaly=mem_leak_vod component=wally178-instance-000002fb group=backend host=vod-video-2 index=0 injected=wally178-instance-000002fb layer=virtual node=wally178 target=wally178-instance-000002fb|mem_leak_vod vm=instance-000002fb,1.521741824e+10,1.7179869184e+10,1.7179869184e+10,58.351693310298835,38.91570675014098,0,0,12.998155782663089,1.3801564387334138e+06,39.92202139350664,2.097152e+06,2.097152e+06,2.047976e+06,96.3026910471607,1.972256e+06,1.959751697476799e+07,0,0,16467.960002085452,482888.8740092006,7233.049489231145,1.911463468089753e+07,9234.911944929987
2019-11-05 21:50:58.880182512,RCA=wally178-instance-000002fb anomaly=mem_leak_vod component=wally178-instance-000002fb group=backend host=vod-video-2 index=0 injected=wally178-instance-000002fb layer=virtual node=wally178 target=wally178-instance-000002fb|mem_leak_vod vm=instance-000002fb,1.5217647616e+10,1.7179869184e+10,1.7179869184e+10,58.37127370547242,37.9388410327627,0,0,19.996818166283838,1.2859388451744574e+06,40.663351627588575,2.097152e+06,2.097152e+06,2.047976e+06,95.92026469060184,1.964424e+06,1.9032717073580097e+07,0,0,16219.970807847625,468457.6652491418,7074.82774759387,1.8564260714447632e+07,9145.143796615166
2019-11-05 21:50:59.380258899,RCA=wally178-instance-000002fb anomaly=mem_leak_vod component=wally178-instance-000002fb group=backend host=vod-video-2 index=0 injected=wally178-instance-000002fb layer=virtual node=wally178 target=wally178-instance-000002fb|mem_leak_vod vm=instance-000002fb,1.5217647616e+10,1.7179869184e+10,1.7179869184e+10,57.370557151191626,37.32681032392199,1.3331004264690913,0,20.99645413982132,1.3719280371513343e+06,39.999961840036406,2.097152e+06,2.097152e+06,2.047976e+06,95.92026469060184,1.964424e+06,1.9157947642874558e+07,0,0,16266.996643830642,474682.3583485638,7096.15755527132,1.8683264523235984e+07,9170.838543747084
2019-11-05 21:50:59.880330235,RCA=wally178-instance-000002fb anomaly=mem_leak_vod component=wally178-instance-000002fb group=backend host=vod-video-2 index=0 injected=wally178-instance-000002fb layer=virtual node=wally178 target=wally178-instance-000002fb|mem_leak_vod vm=instance-000002fb,1.5217647616e+10,1.7179869184e+10,1.7179869184e+10,58.13687201891351,36.65176413267385,1.9991872504152162,0,28.99568822517816,1.2818577710249221e+06,40.85733456345799,2.097152e+06,2.097152e+06,2.047976e+06,95.92026469060184,1.964424e+06,2.0352261763016135e+07,0,0,16704.836125262984,497177.0915403311,7348.689841957567,1.9855085730873156e+07,9356.146389386457
2019-11-05 21:51:00.380399195,RCA=wally178-instance-000002fb anomaly=mem_leak_vod component=wally178-instance-000002fb group=backend host=vod-video-2 index=0 injected=wally178-instance-000002fb layer=virtual node=wally178 target=wally178-instance-000002fb|mem_leak_vod vm=instance-000002fb,1.5217647616e+10,1.7179869184e+10,1.7179869184e+10,59.76871589071288,38.970331341165334,1.9984785582735864,0,30.99561532925991,1.3228208764044654e+06,41.97181361870529,2.097152e+06,2.097152e+06,2.047976e+06,95.92026469060184,1.964424e+06,2.023906216145852e+07,0,0,16800.18651354731,501102.6319246241,7422.4386422159005,1.9737956602993246e+07,9377.747325433218
2019-11-05 21:51:00.880543772,RCA=wally178-instance-000002fb anomaly=mem_leak_vod component=wally178-instance-000002fb group=backend host=vod-video-2 index=0 injected=wally178-instance-000002fb layer=virtual node=wally178 target=wally178-instance-000002fb|mem_leak_vod vm=instance-000002fb,1.5217647616e+10,1.7179869184e+10,1.7179869184e+10,59.380667432524746,40.63777857028996,1.3323861932839753,0,12.997935901782924,1.367845609769944e+06,40.8612667646876,2.097152e+06,2.097152e+06,2.047976e+06,95.92026469060184,1.964424e+06,2.0316276532513317e+07,0,0,16874.230644732776,500932.55506435764,7492.401533865342,1.9815348935831275e+07,9381.832189998095
2019-11-05 21:51:01.380554975,RCA=wally178-instance-000002fb anomaly=mem_leak_vod component=wally178-instance-000002fb group=backend host=vod-video-2 index=0 injected=wally178-instance-000002fb layer=virtual node=wally178 target=wally178-instance-000002fb|mem_leak_vod vm=instance-000002fb,1.5217647616e+10,1.7179869184e+10,1.7179869184e+10,58.22364452629893,39.39625966568868,2.0031996988597904,0,21.997294772688853,2.281191513816227e+06,40.73874012478247,2.097152e+06,2.097152e+06,2.047976e+06,95.92026469060184,1.964424e+06,2.0251618079113416e+07,0,0,16633.06001615862,493271.9374907892,7371.014296083229,1.9758344273174334e+07,9262.046105674355
2019-11-05 21:51:01.88060882,RCA=wally178-instance-000002fb anomaly=mem_leak_vod component=wally178-instance-000002fb group=backend host=vod-video-2 index=0 injected=wally178-instance-000002fb layer=virtual node=wally178 target=wally178-instance-000002fb|mem_leak_vod vm=instance-000002fb,1.5217647616e+10,1.7179869184e+10,1.7179869184e+10,58.23834913671274,33.979991663448786,3.997645958193996,0,24.997007583225205,2.1296669806550294e+06,41.94791883427405,2.097152e+06,2.097152e+06,2.047976e+06,95.92026469060184,1.964424e+06,2.0603261711024523e+07,0,0,16737.45847026847,497149.17184715875,7396.96624394255,2.0106104456291787e+07,9340.489040549395
2019-11-05 21:51:02.380680365,RCA=wally178-instance-000002fb anomaly=mem_leak_vod component=wally178-instance-000002fb group=backend host=vod-video-2 index=0 injected=wally178-instance-000002fb layer=virtual node=wally178 target=wally178-instance-000002fb|mem_leak_vod vm=instance-000002fb,1.5217647616e+10,1.7179869184e+10,1.7179869184e+10,60.465453906319645,36.93405044871662,1.9964350418103707,0,26.995938973904217,1.6381537543657974e+06,43.78967412274874,2.097152e+06,2.097152e+06,2.047976e+06,95.92026469060184,1.964424e+06,2.247362867831006e+07,0,0,17642.343932636555,528907.1325993165,7824.014137521836,2.1944728605954833e+07,9818.333024092995
2019-11-05 21:51:02.880755286,RCA=wally178-instance-000002fb anomaly=mem_leak_vod component=wally178-instance-000002fb group=backend host=vod-video-2 index=0 injected=wally178-instance-000002fb layer=virtual node=wally178 target=wally178-instance-000002fb|mem_leak_vod vm=instance-000002fb,1.5217647616e+10,1.7179869184e+10,1.7179869184e+10,60.9545568270769,34.975763579603274,1.998615161553175,0,25.99647472204884,1.7815181286282307e+06,42.672925646914386,2.097152e+06,2.097152e+06,2.047976e+06,95.92026469060184,1.964424e+06,2.2367644777162302e+07,0,0,17632.898634236542,521458.91569244454,7763.91233099481,2.1846186013722602e+07,9868.984098358478
2019-11-05 21:51:03.380819917,RCA=wally178-instance-000002fb anomaly=mem_leak_vod component=wally178-instance-000002fb group=backend host=vod-video-2 index=0 injected=wally178-instance-000002fb layer=virtual node=wally178 target=wally178-instance-000002fb|mem_leak_vod vm=instance-000002fb,1.5217647616e+10,1.7179869184e+10,1.7179869184e+10,61.363508986676685,32.9552267981854,3.994573009061047,0,13.997975290860003,1.5644452336633806e+06,42.914967596564686,2.097152e+06,2.097152e+06,2.047976e+06,95.92026469060184,1.964424e+06,2.218067991465609e+07,0,0,17601.99914283268,506397.75303473737,7643.878796392507,2.16742748061083e+07,9958.115596480653
2019-11-05 21:51:03.880920907,RCA=wally178-instance-000002fb anomaly=mem_leak_vod component=wally178-instance-000002fb group=backend host=vod-video-2 index=0 injected=wally178-instance-000002fb layer=virtual node=wally178 target=wally178-instance-000002fb|mem_leak_vod vm=instance-000002fb,1.5217647616e+10,1.7179869184e+10,1.7179869184e+10,61.863832976852926,37.97125355872334,3.996973966952126,0,21.996192942917826,2.0189784138876353e+06,42.95864899252872,2.097152e+06,2.097152e+06,2.047976e+06,95.92026469060184,1.964424e+06,2.2455966143033143e+07,0,0,17601.954683177075,506407.48156540416,7641.770820287156,2.1949554973110538e+07,9960.184843122941
2019-11-05 21:51:04.381003003,RCA=wally178-instance-000002fb anomaly=mem_leak_vod component=wally178-instance-000002fb group=backend host=vod-video-2 index=0 injected=wally178-instance-000002fb layer=virtual node=wally178 target=wally178-instance-000002fb|mem_leak_vod vm=instance-000002fb,1.5217647616e+10,1.7179869184e+10,1.7179869184e+10,60.961231911830794,35.9643409962588,3.996038032188074,0,20.996294972792807,1.6422057795414047e+06,43.25112891135646,2.097152e+06,2.097152e+06,2.047976e+06,95.92026469060184,1.964424e+06,2.246488797735715e+07,0,0,17567.552288909774,515009.67452372756,7714.729379053397,2.194987836132419e+07,9852.822363906413
2019-11-05 21:51:04.881085597,RCA=wally178-instance-000002fb anomaly=mem_leak_vod component=wally178-instance-000002fb group=backend host=vod-video-2 index=0 injected=wally178-instance-000002fb layer=virtual node=wally178 target=wally178-instance-000002fb|mem_leak_vod vm=instance-000002fb,1.5218110464e+10,1.7179869184e+10,1.7179869184e+10,60.94795217367348,36.69232717660056,4.002799312334022,0,35.993846599966815,1.6217393312700854e+06,43.695410913501284,2.097152e+06,2.097152e+06,2.047976e+06,95.92026469060184,1.964424e+06,2.1299422676420145e+07,0,0,17264.91754119436,515591.3854556426,7668.527393256273,2.078383608822663e+07,9596.392024962135
2019-11-05 21:51:05.381224838,RCA=wally178-instance-000002fb anomaly=mem_leak_vod component=wally178-instance-000002fb group=backend host=vod-video-2 index=0 injected=wally178-instance-000002fb layer=virtual node=wally178 target=wally178-instance-000002fb|mem_leak_vod vm=instance-000002fb,1.5218110464e+10,1.7179869184e+10,1.7179869184e+10,44.918929446070024,25.34265914468177,4.001472315061845,0,32.99438174967005,1.359640935821162e+06,27.905367151483684,2.097152e+06,2.097152e+06,2.047976e+06,95.92026469060184,1.964424e+06,1.2372563364305977e+07,0,0,10116.618453120796,306133.30008264043,4536.654054678541,1.2066427246132325e+07,5579.965026648188
2019-11-05 21:51:05.881258248,RCA=wally178-instance-000002fb anomaly=mem_leak_vod component=wally178-instance-000002fb group=backend host=vod-video-2 index=0 injected=wally178-instance-000002fb layer=virtual node=wally178 target=wally178-instance-000002fb|mem_leak_vod vm=instance-000002fb,1.5218110464e+10,1.7179869184e+10,1.7179869184e+10,46.780985737128525,28.921834231184086,4.986523118442188,0,33.99422434728917,2.6578528082229816e+06,36.04662219649624,2.097152e+06,2.097152e+06,2.047976e+06,95.92026469060184,1.964424e+06,2.076849939380849e+07,0,0,14873.00237521848,443712.3295591799,6577.825953702541,2.032478878191145e+07,8295.17659656227
2019-11-05 21:51:06.381362216,RCA=wally178-instance-000002fb anomaly=mem_leak_vod component=wally178-instance-000002fb group=backend host=vod-video-2 index=0 injected=wally178-instance-000002fb layer=virtual node=wally178 target=wally178-instance-000002fb|mem_leak_vod vm=instance-000002fb,1.5218110464e+10,1.7179869184e+10,1.7179869184e+10,70.42503061355897,45.949806636820654,3.9956354674879764,0,43.99143214069341,3.112353735278844e+06,35.48369798741386,2.097152e+06,2.097152e+06,2.047976e+06,95.92026469060184,1.964424e+06,2.1081338043928232e+07,0,0,14983.848257682585,447857.9260647321,6674.823869060276,2.0633484448059347e+07,8309.026657794486
2019-11-05 21:51:06.88143477,RCA=wally178-instance-000002fb anomaly=mem_leak_vod component=wally178-instance-000002fb group=backend host=vod-video-2 index=0 injected=wally178-instance-000002fb layer=virtual node=wally178 target=wally178-instance-000002fb|mem_leak_vod vm=instance-000002fb,1.5218110464e+10,1.7179869184e+10,1.7179869184e+10,67.08812884751754,42.03909467648535,4.003723513581462,0,22.99602260792973,1.8715483624994147e+06,42.96391052997438,2.097152e+06,2.097152e+06,2.047976e+06,95.92026469060184,1.964424e+06,2.014232761400647e+07,0,0,16845.98773260344,503357.1134251275,7594.585022905743,1.963897115825754e+07,9251.403832330183
2019-11-05 21:51:07.381562132,RCA=wally178-instance-000002fb anomaly=mem_leak_vod component=wally178-instance-000002fb group=backend host=vod-video-2 index=0 injected=wally178-instance-000002fb layer=virtual node=wally178 target=wally178-instance-000002fb|mem_leak_vod vm=instance-000002fb,1.5218110464e+10,1.7179869184e+10,1.7179869184e+10,59.97376959410117,35.981480260147144,3.997942714650239,0,19.99677028163827,1.8183299451362626e+06,41.85089130082351,2.097152e+06,2.097152e+06,2.047976e+06,95.92026469060184,1.964424e+06,1.881254209315508e+07,0,0,16350.935847471124,490740.1206755709,7359.462905739954,1.832178470327824e+07,8991.467148458485
2019-11-05 21:51:07.88163466,RCA=wally178-instance-000002fb anomaly=mem_leak_vod component=wally178-instance-000002fb group=backend host=vod-video-2 index=0 injected=wally178-instance-000002fb layer=virtual node=wally178 target=wally178-instance-000002fb|mem_leak_vod vm=instance-000002fb,1.5218110464e+10,1.7179869184e+10,1.7179869184e+10,60.27872542201115,37.871349586343904,1.9932288918268752,0,19.996436595005896,1.6340116115962325e+06,41.98646461347023,2.097152e+06,2.097152e+06,2.047976e+06,95.92026469060184,1.964424e+06,1.895759700619627e+07,0,0,16460.07562514232,494902.47483637463,7368.191995388656,1.8462690236311577e+07,9091.881346639535
2019-11-05 21:51:08.381766237,RCA=wally178-instance-000002fb anomaly=mem_leak_vod component=wally178-instance-000002fb group=backend host=vod-video-2 index=0 injected=wally178-instance-000002fb layer=virtual node=wally178 target=wally178-instance-000002fb|mem_leak_vod vm=instance-000002fb,1.5218110464e+10,1.7179869184e+10,1.7179869184e+10,60.792996093078486,35.975560434725395,0.9993210702587558,0,20.996094180583963,2.0189522164618545e+06,41.3309046742668,2.097152e+06,2.097152e+06,2.047976e+06,95.92026469060184,1.964424e+06,1.8989213504267167e+07,0,0,16531.186173569073,498250.4947313695,7384.022913005147,1.8490961032512587e+07,9147.162820155134
2019-11-05 21:51:08.88178746,RCA=wally178-instance-000002fb anomaly=mem_leak_vod component=wally178-instance-000002fb group=backend host=vod-video-2 index=0 injected=wally178-instance-000002fb layer=virtual node=wally178 target=wally178-instance-000002fb|mem_leak_vod vm=instance-000002fb,1.5218110464e+10,1.7179869184e+10,1.7179869184e+10,61.151388348150505,37.32684373805016,1.3331014678837585,0,18.99667011168946,1.8633542595884644e+06,41.99246436828418,2.097152e+06,2.097152e+06,2.047976e+06,96.65777333328126,1.979528e+06,1.900583127852163e+07,0,0,16547.011748061494,493289.87763040065,7397.4296305887965,1.8512549343525648e+07,9149.585123886853
2019-11-05 21:51:09.381915457,RCA=wally178-instance-000002fb anomaly=mem_leak_vod component=wally178-instance-000002fb group=backend host=vod-video-2 index=0 injected=wally178-instance-000002fb layer=virtual node=wally178 target=wally178-instance-000002fb|mem_leak_vod vm=instance-000002fb,1.5218110464e+10,1.7179869184e+10,1.7179869184e+10,55.511087373198706,30.714304060836156,1.3354044699933731,0,16.997283783059615,1.3555599129054036e+06,38.67951073972094,2.097152e+06,2.097152e+06,2.047976e+06,96.65777333328126,1.979528e+06,1.8230151561301257e+07,0,0,15162.910373086066,449348.71925195557,6713.945423172146,1.778080447486422e+07,8448.964346715915
2019-11-05 21:51:09.881981896,RCA=wally178-instance-000002fb anomaly=mem_leak_vod component=wally178-instance-000002fb group=backend host=vod-video-2 index=0 injected=wally178-instance-000002fb layer=virtual node=wally178 target=wally178-instance-000002fb|mem_leak_vod vm=instance-000002fb,1.5218307072e+10,1.7179869184e+10,1.7179869184e+10,38.43561509051533,21.485457260406974,1.3428410373013275,0,17.996862822866444,1.1917280529885779e+06,27.33315831000962,2.097152e+06,2.097152e+06,2.047976e+06,96.65777333328126,1.979528e+06,1.2950486118134292e+07,0,0,10370.06301919891,303981.24595631566,4534.48158759124,1.2646506675891247e+07,5835.581592943537
2019-11-05 21:51:10.382061383,RCA=wally178-instance-000002fb anomaly=mem_leak_vod component=wally178-instance-000002fb group=backend host=vod-video-2 index=0 injected=wally178-instance-000002fb layer=virtual node=wally178 target=wally178-instance-000002fb|mem_leak_vod vm=instance-000002fb,1.5218413568e+10,1.7179869184e+10,1.7179869184e+10,43.725634775478674,26.94795393442897,3.9922897745964074,0,53.99099737912401,3.415495518094977e+06,30.975013293101817,2.097152e+06,2.097152e+06,2.047976e+06,96.65777333328126,1.979528e+06,1.9855094448887773e+07,0,0,13277.837038432515,380155.7890610871,5669.994422412133,1.947493171843385e+07,7607.84070841884
2019-11-05 21:51:10.882166667,RCA=wally178-instance-000002fb anomaly=mem_leak_vod component=wally178-instance-000002fb group=backend host=vod-video-2 index=0 injected=wally178-instance-000002fb layer=virtual node=wally178 target=wally178-instance-000002fb|mem_leak_vod vm=instance-000002fb,1.5218413568e+10,1.7179869184e+10,1.7179869184e+10,70.20710437445793,43.57995797430142,3.961814400540062,0,68.98861136003669,4.910293772065846e+06,49.75252729728879,2.097152e+06,2.097152e+06,2.047976e+06,96.65777333328126,1.979528e+06,2.9283369939945802e+07,0,0,20745.733314968697,612069.1767613174,9146.010386143009,2.867129339672011e+07,11599.721635699922
2019-11-05 21:51:11.38237461,RCA=wally178-instance-000002fb anomaly=mem_leak_vod component=wally178-instance-000002fb group=backend host=vod-video-2 index=0 injected=wally178-instance-000002fb layer=virtual node=wally178 target=wally178-instance-000002fb|mem_leak_vod vm=instance-000002fb,1.5218413568e+10,1.7179869184e+10,1.7179869184e+10,62.07507207927721,38.81834304225215,2.9860263016741344,0,36.987563930292666,3.5787000823478973e+06,42.65714685070211,2.097152e+06,2.097152e+06,2.047976e+06,96.65777333328126,1.979528e+06,2.1202935675880857e+07,0,0,17089.22510382695,513637.20500528824,7699.388347062146,2.068929450596213e+07,9389.83468673604
2019-11-05 21:51:11.882452073,RCA=wally178-instance-000002fb anomaly=mem_leak_vod component=wally178-instance-000002fb group=backend host=vod-video-2 index=0 injected=wally178-instance-000002fb layer=virtual node=wally178 target=wally178-instance-000002fb|mem_leak_vod vm=instance-000002fb,1.5218413568e+10,1.7179869184e+10,1.7179869184e+10,61.30156472771652,38.71753536495394,4.0052622791331665,0,25.991605257325595,2.882653528446127e+06,43.26440255470653,2.097152e+06,2.097152e+06,2.047976e+06,96.65777333328126,1.979528e+06,2.122552721483043e+07,0,0,17066.782914825933,511449.495800429,7647.462457557249,2.0714079935626164e+07,9419.32224854384
2019-11-05 21:51:12.382524269,RCA=wally178-instance-000002fb anomaly=mem_leak_vod component=wally178-instance-000002fb group=backend host=vod-video-2 index=0 injected=wally178-instance-000002fb layer=virtual node=wally178 target=wally178-instance-000002fb|mem_leak_vod vm=instance-000002fb,1.5218413568e+10,1.7179869184e+10,1.7179869184e+10,61.490426527243514,39.366781791884186,4.6706352836709035,0,27.99597109979903,2.842213101251952e+06,43.385516072652685,2.097152e+06,2.097152e+06,2.047976e+06,96.65777333328126,1.979528e+06,2.0986978738347664e+07,0,0,17075.420843101445,510779.740066766,7601.157212447941,2.047619977342921e+07,9474.26408715406
2019-11-05 21:51:12.882584128,RCA=wally178-instance-000002fb anomaly=mem_leak_vod component=wally178-instance-000002fb group=backend host=vod-video-2 index=0 injected=wally178-instance-000002fb layer=virtual node=wally178 target=wally178-instance-000002fb|mem_leak_vod vm=instance-000002fb,1.5218888704e+10,1.7179869184e+10,1.7179869184e+10,63.20089119187985,38.937670679410616,7.987214243158265,0,84.98843273435112,6.958156229539975e+06,44.93815785974158,2.097152e+06,2.097152e+06,2.047976e+06,96.65777333328126,1.979528e+06,2.3683890019915707e+07,0,0,16906.42461369311,499460.85851136193,7423.719128364564,2.318443503571612e+07,9482.708434590855
2019-11-05 21:51:13.382645537,RCA=wally178-instance-000002fb anomaly=mem_leak_vod component=wally178-instance-000002fb group=backend host=vod-video-2 index=0 injected=wally178-instance-000002fb layer=virtual node=wally178 target=wally178-instance-000002fb|mem_leak_vod vm=instance-000002fb,1.5218888704e+10,1.7179869184e+10,1.7179869184e+10,62.69809961340067,40.98172923859874,8.995989084290834,0,93.98744807029766,7.9615669109149715e+06,44.71611923649568,2.097152e+06,2.097152e+06,2.047976e+06,96.65777333328126,1.979528e+06,2.401547431501584e+07,0,0,17151.628076386543,501925.13976784394,7493.773248022577,2.351354931908974e+07,9657.854008844146
2019-11-05 21:51:13.882736382,RCA=wally178-instance-000002fb anomaly=mem_leak_vod component=wally178-instance-000002fb group=backend host=vod-video-2 index=0 injected=wally178-instance-000002fb layer=virtual node=wally178 target=wally178-instance-000002fb|mem_leak_vod vm=instance-000002fb,1.5218888704e+10,1.7179869184e+10,1.7179869184e+10,64.33617862799497,42.96960879884562,4.996466224280546,0,46.99400525671343,4.922761920933454e+06,44.97972763675411,2.097152e+06,2.097152e+06,2.047976e+06,96.65777333328126,1.979528e+06,2.4387804390081212e+07,0,0,17328.115521257667,499696.2922394329,7495.060522917315,2.3888104814814292e+07,9833.05506239003
2019-11-05 21:51:14.382774524,RCA=wally178-instance-000002fb anomaly=mem_leak_vod component=wally178-instance-000002fb group=backend host=vod-video-2 index=0 injected=wally178-instance-000002fb layer=virtual node=wally178 target=wally178-instance-000002fb|mem_leak_vod vm=instance-000002fb,1.5218888704e+10,1.7179869184e+10,1.7179869184e+10,65.05051379602371,41.94605024855182,4.993577235991182,0,50.99366587278728,4.9227773518654015e+06,45.79857976971315,2.097152e+06,2.097152e+06,2.047976e+06,96.65777333328126,1.979528e+06,2.28723139232755e+07,0,0,17971.80553817663,531314.0493773792,7810.2300178482255,2.2341010134472314e+07,10161.581384600619
2019-11-05 21:51:14.882867391,RCA=wally178-instance-000002fb anomaly=mem_leak_vod component=wally178-instance-000002fb group=backend host=vod-video-2 index=0 injected=wally178-instance-000002fb layer=virtual node=wally178 target=wally178-instance-000002fb|mem_leak_vod vm=instance-000002fb,1.5218888704e+10,1.7179869184e+10,1.7179869184e+10,63.99759525891622,43.989701160490775,5.33208502468931,0,49.99235761829853,4.177283123060492e+06,45.92513095328121,2.097152e+06,2.097152e+06,2.047976e+06,96.65777333328126,1.979528e+06,2.237076728233691e+07,0,0,17623.823480151685,516373.0836276813,7635.992579421739,2.1854408891749524e+07,9987.836030600056
2019-11-05 21:51:15.38301025,RCA=wally178-instance-000002fb anomaly=mem_leak_vod component=wally178-instance-000002fb group=backend host=vod-video-2 index=0 injected=wally178-instance-000002fb layer=virtual node=wally178 target=wally178-instance-000002fb|mem_leak_vod vm=instance-000002fb,1.5218888704e+10,1.7179869184e+10,1.7179869184e+10,58.74722313597379,41.36870901262959,5.337897890812119,0,49.990791946077486,3.8986763589675482e+06,42.108953154554264,2.097152e+06,2.097152e+06,2.047976e+06,96.65777333328126,1.979528e+06,2.2517991212831892e+07,0,0,16738.1874774498,483258.99362826895,7182.844292515892,2.203473672213827e+07,9555.343293424876
2019-11-05 21:51:15.883070398,RCA=wally178-instance-000002fb anomaly=mem_leak_vod component=wally178-instance-000002fb group=backend host=vod-video-2 index=0 injected=wally178-instance-000002fb layer=virtual node=wally178 target=wally178-instance-000002fb|mem_leak_vod vm=instance-000002fb,1.5218888704e+10,1.7179869184e+10,1.7179869184e+10,56.4005927314745,33.986256875348545,3.998382906012641,0,50.990169656182154,3.939590583509153e+06,38.85332678756394,2.097152e+06,2.097152e+06,2.047976e+06,96.65777333328126,1.979528e+06,2.2475167577518053e+07,0,0,16478.12665559618,473216.30699267366,7096.063426438102,2.2001942624779303e+07,9382.059822464807
2019-11-05 21:51:16.3831319,RCA=wally178-instance-000002fb anomaly=mem_leak_vod component=wally178-instance-000002fb group=backend host=vod-video-2 index=0 injected=wally178-instance-000002fb layer=virtual node=wally178 target=wally178-instance-000002fb|mem_leak_vod vm=instance-000002fb,1.5218888704e+10,1.7179869184e+10,1.7179869184e+10,58.84862888903145,32.671476125762226,4.000588779986047,0,56.98994321268103,3.8536557449805844e+06,45.862634301558515,2.097152e+06,2.097152e+06,2.047976e+06,96.65777333328126,1.979528e+06,2.239059622024165e+07,0,0,16447.978057161985,474366.4974966308,7113.901285787044,2.1916223735252313e+07,9334.0727551756
2019-11-05 21:51:16.883274328,RCA=wally178-instance-000002fb anomaly=mem_leak_vod component=wally178-instance-000002fb group=backend host=vod-video-2 index=0 injected=wally178-instance-000002fb layer=virtual node=wally178 target=wally178-instance-000002fb|mem_leak_vod vm=instance-000002fb,1.5218999296e+10,1.7179869184e+10,1.7179869184e+10,65.16034715077838,32.978054753464306,4.996675202327022,0,83.98591295883351,6.179826950879719e+06,45.988657326897794,2.097152e+06,2.097152e+06,2.047976e+06,96.65777333328126,1.979528e+06,2.3592681906720478e+07,0,0,17476.812022859234,517212.9484789257,7694.196868021921,2.3075464761198748e+07,9782.613041444361
2019-11-05 21:51:17.383333705,RCA=wally178-instance-000002fb anomaly=mem_leak_vod component=wally178-instance-000002fb group=backend host=vod-video-2 index=0 injected=wally178-instance-000002fb layer=virtual node=wally178 target=wally178-instance-000002fb|mem_leak_vod vm=instance-000002fb,1.5218999296e+10,1.7179869184e+10,1.7179869184e+10,66.49423159607778,39.993444074680056,7.998688431061894,0,85.98491128178335,7.441121930955079e+06,46.990504393824615,2.097152e+06,2.097152e+06,2.047976e+06,96.65777333328126,1.979528e+06,2.5182415282123085e+07,0,0,18043.28197816582,534979.7374405251,7909.151796779493,2.464743934190666e+07,10134.131481045975
2019-11-05 21:51:17.883365549,RCA=wally178-instance-000002fb anomaly=mem_leak_vod component=wally178-instance-000002fb group=backend host=vod-video-2 index=0 injected=wally178-instance-000002fb layer=virtual node=wally178 target=wally178-instance-000002fb|mem_leak_vod vm=instance-000002fb,1.5218999296e+10,1.7179869184e+10,1.7179869184e+10,63.101533565996945,37.33302364345787,7.333272564948013,0,60.99200669256291,6.33158698632112e+06,43.921691006904894,2.097152e+06,2.097152e+06,2.047976e+06,96.65777333328126,1.979528e+06,2.2648096872175593e+07,0,0,16888.51452059755,481533.5881659935,7207.80814469586,2.2166573931732662e+07,9680.711860916224
2019-11-05 21:51:18.383496617,RCA=wally178-instance-000002fb anomaly=mem_leak_vod component=wally178-instance-000002fb group=backend host=vod-video-2 index=0 injected=wally178-instance-000002fb layer=virtual node=wally178 target=wally178-instance-000002fb|mem_leak_vod vm=instance-000002fb,1.5218999296e+10,1.7179869184e+10,1.7179869184e+10,50.64210895614343,28.965951450979823,4.994129690208682,0,51.99071560198922,5.639186809312054e+06,36.96989696563656,2.097152e+06,2.097152e+06,2.047976e+06,96.65777333328126,1.979528e+06,2.1872806154000074e+07,0,0,14689.526466065181,398275.76610614406,5996.885074477703,2.147452340301713e+07,8692.640614582058
2019-11-05 21:51:18.883625652,RCA=wally178-instance-000002fb anomaly=mem_leak_vod component=wally178-instance-000002fb group=backend host=vod-video-2 index=0 injected=wally178-instance-000002fb layer=virtual node=wally178 target=wally178-instance-000002fb|mem_leak_vod vm=instance-000002fb,1.5218999296e+10,1.7179869184e+10,1.7179869184e+10,44.64324677307049,23.888539585907477,3.9814232365773834,0,41.99024528810736,4.430842608921725e+06,31.87741768546462,2.097152e+06,2.097152e+06,2.047976e+06,96.7163677699348,1.980728e+06,2.068915323395968e+07,0,0,13955.765627605404,390569.7195582272,5833.434058140743,2.0298561003494993e+07,8122.322917831734
2019-11-05 21:51:19.383714209,RCA=wally178-instance-000002fb anomaly=mem_leak_vod component=wally178-instance-000002fb group=backend host=vod-video-2 index=0 injected=wally178-instance-000002fb layer=virtual node=wally178 target=wally178-instance-000002fb|mem_leak_vod vm=instance-000002fb,1.52190976e+10,1.7179869184e+10,1.7179869184e+10,43.82048445424572,19.870824321504667,3.974164828764465,0,65.98873354555556,5.913611826199828e+06,29.97225755851481,2.097152e+06,2.097152e+06,2.047976e+06,96.7163677699348,1.980728e+06,2.114392975097499e+07,0,0,12607.583392225712,352677.6934783185,5215.461980243765,2.0791240878344167e+07,7392.118531071973
2019-11-05 21:51:19.883785714,RCA=wally178-instance-000002fb anomaly=mem_leak_vod component=wally178-instance-000002fb group=backend host=vod-video-2 index=0 injected=wally178-instance-000002fb layer=virtual node=wally178 target=wally178-instance-000002fb|mem_leak_vod vm=instance-000002fb,1.52190976e+10,1.7179869184e+10,1.7179869184e+10,53.23552854830269,27.974429655529825,3.996347205442652,0,81.98501633642934,7.535267435966004e+06,37.374413220294215,2.097152e+06,2.097152e+06,2.047976e+06,96.7163677699348,1.980728e+06,2.839819897856541e+07,0,0,16199.930996126539,463147.3394333297,6882.341510308156,2.79350980530765e+07,9317.60511120598
2019-11-05 21:51:20.383882209,RCA=wally178-instance-000002fb anomaly=mem_leak_vod component=wally178-instance-000002fb group=backend host=vod-video-2 index=0 injected=wally178-instance-000002fb layer=virtual node=wally178 target=wally178-instance-000002fb|mem_leak_vod vm=instance-000002fb,1.52190976e+10,1.7179869184e+10,1.7179869184e+10,59.776395049154885,35.39043849551918,4.674208954655202,0,62.98674872183041,6.130424806964131e+06,42.81219602400125,2.097152e+06,2.097152e+06,2.047976e+06,96.7163677699348,1.980728e+06,2.671653953628842e+07,0,0,16514.685510070485,471187.1548372944,7037.378706947892,2.6245378287490353e+07,9477.316736470822
2019-11-05 21:51:20.884018044,RCA=wally178-instance-000002fb anomaly=mem_leak_vod component=wally178-instance-000002fb group=backend host=vod-video-2 index=0 injected=wally178-instance-000002fb layer=virtual node=wally178 target=wally178-instance-000002fb|mem_leak_vod vm=instance-000002fb,1.52190976e+10,1.7179869184e+10,1.7179869184e+10,66.55840548497085,41.504781783983994,4.686023787448334,0,56.988652134643694,5.348307162206862e+06,45.89496327252072,2.097152e+06,2.097152e+06,2.047976e+06,96.7163677699348,1.980728e+06,2.6352820546377163e+07,0,0,18187.863411705832,521831.6681563802,7846.922350840577,2.583099742917431e+07,10340.94237767633
2019-11-05 21:51:21.384097886,RCA=wally178-instance-000002fb anomaly=mem_leak_vod component=wally178-instance-000002fb group=backend host=vod-video-2 index=0 injected=wally178-instance-000002fb layer=virtual node=wally178 target=wally178-instance-000002fb|mem_leak_vod vm=instance-000002fb,1.52190976e+10,1.7179869184e+10,1.7179869184e+10,64.17575522245393,40.034687227364614,4.670713531674769,0,54.99012195942207,5.778417658795638e+06,45.38986504855536,2.097152e+06,2.097152e+06,2.047976e+06,96.7163677699348,1.980728e+06,2.381943713587577e+07,0,0,17097.86910465005,488195.5049228541,7292.7712629485795,2.3331241093025725e+07,9805.097969170183
2019-11-05 21:51:21.884155882,RCA=wally178-instance-000002fb anomaly=mem_leak_vod component=wally178-instance-000002fb group=backend host=vod-video-2 index=0 injected=wally178-instance-000002fb layer=virtual node=wally178 target=wally178-instance-000002fb|mem_leak_vod vm=instance-000002fb,1.52190976e+10,1.7179869184e+10,1.7179869184e+10,63.84235635694612,38.8865828868267,3.9883675948750366,0,51.99050440228546,5.614595227285514e+06,44.96024655463861,2.097152e+06,2.097152e+06,2.047976e+06,96.7163677699348,1.980728e+06,2.3504803450294673e+07,0,0,16798.443371840058,482025.26173433557,7168.0559515453815,2.3022778153496437e+07,9630.388662331878
2019-11-05 21:51:22.384230875,RCA=wally178-instance-000002fb anomaly=mem_leak_vod component=wally178-instance-000002fb group=backend host=vod-video-2 index=0 injected=wally178-instance-000002fb layer=virtual node=wally178 target=wally178-instance-000002fb|mem_leak_vod vm=instance-000002fb,1.5219195904e+10,1.7179869184e+10,1.7179869184e+10,64.64474929205592,35.82340070092006,4.975471804661527,0,51.99105462710508,5.737507972439607e+06,45.69928195311205,2.097152e+06,2.097152e+06,2.047976e+06,96.7163677699348,1.980728e+06,2.1933162176998597e+07,0,0,16492.5443151848,472865.72682132735,7083.764265650934,2.146028791820742e+07,9408.778708117112
2019-11-05 21:51:22.884338841,RCA=wally178-instance-000002fb anomaly=mem_leak_vod component=wally178-instance-000002fb group=backend host=vod-video-2 index=0 injected=wally178-instance-000002fb layer=virtual node=wally178 target=wally178-instance-000002fb|mem_leak_vod vm=instance-000002fb,1.5219195904e+10,1.7179869184e+10,1.7179869184e+10,63.36268894785548,35.314436719502474,3.9978608086470655,0,51.99217564549493,5.373139656507891e+06,44.6285520385789,2.097152e+06,2.097152e+06,2.047976e+06,96.7163677699348,1.980728e+06,2.195905198332546e+07,0,0,16527.712717493065,474480.0705179938,7126.438948797307,2.148456847845794e+07,9401.273714822923
2019-11-05 21:51:23.384438418,RCA=wally178-instance-000002fb anomaly=mem_leak_vod component=wally178-instance-000002fb group=backend host=vod-video-2 index=0 injected=wally178-instance-000002fb layer=virtual node=wally178 target=wally178-instance-000002fb|mem_leak_vod vm=instance-000002fb,1.5219195904e+10,1.7179869184e+10,1.7179869184e+10,64.57727735035144,36.010007012902186,4.667963856478671,0,48.9908370477836,5.004373549845692e+06,44.777959837982166,2.097152e+06,2.097152e+06,2.047976e+06,96.7163677699348,1.980728e+06,2.3248650810094144e+07,0,0,16779.90470119529,479962.13746541966,7174.41408011044,2.276869017936876e+07,9605.490721178068
2019-11-05 21:51:23.884493197,RCA=wally178-instance-000002fb anomaly=mem_leak_vod component=wally178-instance-000002fb group=backend host=vod-video-2 index=0 injected=wally178-instance-000002fb layer=virtual node=wally178 target=wally178-instance-000002fb|mem_leak_vod vm=instance-000002fb,1.5219195904e+10,1.7179869184e+10,1.7179869184e+10,63.584997566395515,38.89785784280557,3.98952382560634,0,46.991097301660716,4.97569675219099e+06,44.783056365256435,2.097152e+06,2.097152e+06,2.047976e+06,96.7163677699348,1.980728e+06,2.2413432976712994e+07,0,0,16538.82632724507,472205.7726600363,7075.54615214841,2.1941233137776103e+07,9463.283369003471
2019-11-05 21:51:24.384588897,RCA=wally178-instance-000002fb anomaly=mem_leak_vod component=wally178-instance-000002fb group=backend host=vod-video-2 index=0 injected=wally178-instance-000002fb layer=virtual node=wally178 target=wally178-instance-000002fb|mem_leak_vod vm=instance-000002fb,1.5219195904e+10,1.7179869184e+10,1.7179869184e+10,62.25468524636641,32.65420599977101,2.968564211171942,0,46.99189746907079,4.983974875936735e+06,44.36675962863389,2.097152e+06,2.097152e+06,2.047976e+06,96.7163677699348,1.980728e+06,2.2672734552627437e+07,0,0,16351.546500041959,468472.1775698549,6969.965127481453,2.22042575962037e+07,9381.580078372448
2019-11-05 21:51:24.88468569,RCA=wally178-instance-000002fb anomaly=mem_leak_vod component=wally178-instance-000002fb group=backend host=vod-video-2 index=0 injected=wally178-instance-000002fb layer=virtual node=wally178 target=wally178-instance-000002fb|mem_leak_vod vm=instance-000002fb,1.5219195904e+10,1.7179869184e+10,1.7179869184e+10,62.43935720313405,35.35615455255853,2.668388989013181,0,46.99117543318305,5.172278161638746e+06,44.90584080431973,2.097152e+06,2.097152e+06,2.047976e+06,96.7163677699348,1.980728e+06,2.1903781579258118e+07,0,0,16346.85300100395,468924.94228955766,7007.31588945276,2.1434856589251116e+07,9339.537128638445
2019-11-05 21:51:25.384776669,RCA=wally178-instance-000002fb anomaly=mem_leak_vod component=wally178-instance-000002fb group=backend host=vod-video-2 index=0 injected=wally178-instance-000002fb layer=virtual node=wally178 target=wally178-instance-000002fb|mem_leak_vod vm=instance-000002fb,1.52193024e+10,1.7179869184e+10,1.7179869184e+10,59.41280167375117,29.334542444503807,4.0001647907887214,0,71.9872151425779,7.269112727365336e+06,42.12298330107942,2.097152e+06,2.097152e+06,2.047976e+06,96.7163677699348,1.980728e+06,2.3586123879113093e+07,0,0,15618.881170605395,448126.70786990796,6649.330701974559,2.313799170391666e+07,8969.546491665742
2019-11-05 21:51:25.884860502,RCA=wally178-instance-000002fb anomaly=mem_leak_vod component=wally178-instance-000002fb group=backend host=vod-video-2 index=0 injected=wally178-instance-000002fb layer=virtual node=wally178 target=wally178-instance-000002fb|mem_leak_vod vm=instance-000002fb,1.52193024e+10,1.7179869184e+10,1.7179869184e+10,54.615575264519165,25.996525616344428,6.999065106877414,0,84.98503371063839,7.899787049056968e+06,40.920316321504735,2.097152e+06,2.097152e+06,2.047976e+06,96.7163677699348,1.980728e+06,2.3157199862498e+07,0,0,14766.092301922345,423013.38561509753,6266.702388201637,2.2734184903681397e+07,8499.389515271918
2019-11-05 21:51:26.384968946,RCA=wally178-instance-000002fb anomaly=mem_leak_vod component=wally178-instance-000002fb group=backend host=vod-video-2 index=0 injected=wally178-instance-000002fb layer=virtual node=wally178 target=wally178-instance-000002fb|mem_leak_vod vm=instance-000002fb,1.52193024e+10,1.7179869184e+10,1.7179869184e+10,57.71703409106358,28.67918218529451,6.002619399042876,0,64.98651900153875,6.34338842564424e+06,43.74262173813208,2.097152e+06,2.097152e+06,2.047976e+06,96.7163677699348,1.980728e+06,2.180389149794395e+07,0,0,16164.90637047056,464576.0075154689,6900.516233860078,2.1339311787262194e+07,9264.38860400457
2019-11-05 21:51:26.885128509,RCA=wally178-instance-000002fb anomaly=mem_leak_vod component=wally178-instance-000002fb group=backend host=vod-video-2 index=0 injected=wally178-instance-000002fb layer=virtual node=wally178 target=wally178-instance-000002fb|mem_leak_vod vm=instance-000002fb,1.52193024e+10,1.7179869184e+10,1.7179869184e+10,58.433593192633936,31.388418773669986,6.010547982781559,0,57.98571661037023,6.015543586754386e+06,41.94393488444588,2.097152e+06,2.097152e+06,2.047976e+06,96.7163677699348,1.980728e+06,2.069117881791467e+07,0,0,15828.749661229564,456200.34663084015,6802.604153245983,2.0234986399589717e+07,9026.149882980037
2019-11-05 21:51:27.385200385,RCA=wally178-instance-000002fb anomaly=mem_leak_vod component=wally178-instance-000002fb group=backend host=vod-video-2 index=0 injected=wally178-instance-000002fb layer=virtual node=wally178 target=wally178-instance-000002fb|mem_leak_vod vm=instance-000002fb,1.52193024e+10,1.7179869184e+10,1.7179869184e+10,60.38929327906332,34.69055275425747,5.337007923774943,0,63.98570156317159,6.228619692951714e+06,42.71256775608078,2.097152e+06,2.097152e+06,2.047976e+06,96.7163677699348,1.980728e+06,2.1694448093836434e+07,0,0,16331.301865452542,473112.16191846033,7030.763689809349,2.1221333874649886e+07,9300.537937071333
2019-11-05 21:51:27.885268819,RCA=wally178-instance-000002fb anomaly=mem_leak_vod component=wally178-instance-000002fb group=backend host=vod-video-2 index=0 injected=wally178-instance-000002fb layer=virtual node=wally178 target=wally178-instance-000002fb|mem_leak_vod vm=instance-000002fb,1.5219392512e+10,1.7179869184e+10,1.7179869184e+10,60.832894386676195,37.85037919217079,4.9803137758642535,0,76.98690806833534,6.953829353739859e+06,43.860077055855484,2.097152e+06,2.097152e+06,2.047976e+06,96.7163677699348,1.980728e+06,2.198342601739187e+07,0,0,16561.326653885913,477150.21130453196,7118.208546673059,2.150625995473495e+07,9443.108830393272
2019-11-05 21:51:28.385361124,RCA=wally178-instance-000002fb anomaly=mem_leak_vod component=wally178-instance-000002fb group=backend host=vod-video-2 index=0 injected=wally178-instance-000002fb layer=virtual node=wally178 target=wally178-instance-000002fb|mem_leak_vod vm=instance-000002fb,1.5219392512e+10,1.7179869184e+10,1.7179869184e+10,60.189202436499414,31.911747901619332,4.986210768746722,0,72.9877391546381,6.908790729001526e+06,42.92581663391287,2.097152e+06,2.097152e+06,2.047976e+06,96.7163677699348,1.980728e+06,2.1732478703910682e+07,0,0,16216.738592121897,457438.04344689945,6901.398714254345,2.1275042568342447e+07,9315.340781731138
2019-11-05 21:51:28.885457025,RCA=wally178-instance-000002fb anomaly=mem_leak_vod component=wally178-instance-000002fb group=backend host=vod-video-2 index=0 injected=wally178-instance-000002fb layer=virtual node=wally178 target=wally178-instance-000002fb|mem_leak_vod vm=instance-000002fb,1.5219392512e+10,1.7179869184e+10,1.7179869184e+10,60.84701815735204,35.953770139002486,5.326484734566068,0,68.98819708531347,6.953812966380288e+06,44.05752329408537,2.097152e+06,2.097152e+06,2.047976e+06,96.27554229151123,1.9717e+06,2.150373933018462e+07,0,0,16352.167647478826,467726.370983612,7018.951982080788,2.1036015453030437e+07,9333.214561218772
2019-11-05 21:51:29.38555306,RCA=wally178-instance-000002fb anomaly=mem_leak_vod component=wally178-instance-000002fb group=backend host=vod-video-2 index=0 injected=wally178-instance-000002fb layer=virtual node=wally178 target=wally178-instance-000002fb|mem_leak_vod vm=instance-000002fb,1.5219392512e+10,1.7179869184e+10,1.7179869184e+10,62.79523782837389,37.399729846657856,4.674965793726087,0,76.98586624180254,7.92840602932014e+06,44.69373167097974,2.097152e+06,2.097152e+06,2.047976e+06,96.27554229151123,1.9717e+06,2.2443542758982822e+07,0,0,16820.30154471967,485561.915193681,7215.835980937242,2.195798096279427e+07,9604.464831382376
2019-11-05 21:51:29.885657719,RCA=wally178-instance-000002fb anomaly=mem_leak_vod component=wally178-instance-000002fb group=backend host=vod-video-2 index=0 injected=wally178-instance-000002fb layer=virtual node=wally178 target=wally178-instance-000002fb|mem_leak_vod vm=instance-000002fb,1.5219392512e+10,1.7179869184e+10,1.7179869184e+10,62.274329494921034,39.41416850843008,4.008220483438808,0,67.98692400691883,7.584336611310309e+06,44.990805858877906,2.097152e+06,2.097152e+06,2.047976e+06,96.27554229151123,1.9717e+06,2.1809200215418153e+07,0,0,16740.23971023828,484678.9086720628,7201.434073980748,2.1324526504224982e+07,9538.806237605419
2019-11-05 21:51:30.385771315,RCA=wally178-instance-000002fb anomaly=mem_leak_vod component=wally178-instance-000002fb group=backend host=vod-video-2 index=0 injected=wally178-instance-000002fb layer=virtual node=wally178 target=wally178-instance-000002fb|mem_leak_vod vm=instance-000002fb,1.5219511296e+10,1.7179869184e+10,1.7179869184e+10,62.874112703902675,33.86258323299709,4.979792028845904,0,70.98723088789511,6.945561812121337e+06,45.860763054505476,2.097152e+06,2.097152e+06,2.047976e+06,96.27554229151123,1.9717e+06,2.3450399531322204e+07,0,0,17089.005327981038,491265.05992100906,7272.327167606081,2.2959132085177284e+07,9816.67902966792
2019-11-05 21:51:30.885810456,RCA=wally178-instance-000002fb anomaly=mem_leak_vod component=wally178-instance-000002fb group=backend host=vod-video-2 index=0 injected=wally178-instance-000002fb layer=virtual node=wally178 target=wally178-instance-000002fb|mem_leak_vod vm=instance-000002fb,1.5219511296e+10,1.7179869184e+10,1.7179869184e+10,63.80614912012197,36.926395981167396,7.984085753009157,0,74.98706773029924,6.929235397268481e+06,44.77514963049722,2.097152e+06,2.097152e+06,2.047976e+06,96.27554229151123,1.9717e+06,2.3247792064985678e+07,0,0,17302.903086439812,501314.16506839654,7457.957467268564,2.2746466458873518e+07,9844.943253747086
2019-11-05 21:51:31.385957492,RCA=wally178-instance-000002fb anomaly=mem_leak_vod component=wally178-instance-000002fb group=backend host=vod-video-2 index=0 injected=wally178-instance-000002fb layer=virtual node=wally178 target=wally178-instance-000002fb|mem_leak_vod vm=instance-000002fb,1.5219511296e+10,1.7179869184e+10,1.7179869184e+10,60.42682394798475,36.697953580387534,6.005119596654105,0,54.99027084633051,5.573671962641324e+06,43.3426176976802,2.097152e+06,2.097152e+06,2.047976e+06,96.27554229151123,1.9717e+06,2.174824469498889e+07,0,0,16346.576145437166,471573.11542591505,7040.812121117673,2.127666985983685e+07,9305.763320780432
2019-11-05 21:51:31.885991629,RCA=wally178-instance-000002fb anomaly=mem_leak_vod component=wally178-instance-000002fb group=backend host=vod-video-2 index=0 injected=wally178-instance-000002fb layer=virtual node=wally178 target=wally178-instance-000002fb|mem_leak_vod vm=instance-000002fb,1.5219511296e+10,1.7179869184e+10,1.7179869184e+10,60.39056514494828,38.09925832133722,4.678856306968196,0,56.98968891257473,6.1101309482929865e+06,42.89971038694841,2.097152e+06,2.097152e+06,2.047976e+06,96.27554229151123,1.9717e+06,2.1465613523552045e+07,0,0,16008.583562835483,460507.55306209245,6887.552917283056,2.1005107543778997e+07,9121.029543754208
2019-11-05 21:51:32.386137885,RCA=wally178-instance-000002fb anomaly=mem_leak_vod component=wally178-instance-000002fb group=backend host=vod-video-2 index=0 injected=wally178-instance-000002fb layer=virtual node=wally178 target=wally178-instance-000002fb|mem_leak_vod vm=instance-000002fb,1.5219511296e+10,1.7179869184e+10,1.7179869184e+10,63.10590298355261,35.90920264746661,4.987389261567396,0,60.986049624106634,6.543912179466193e+06,45.8925976455154,2.097152e+06,2.097152e+06,2.047976e+06,96.27554229151123,1.9717e+06,2.2988562257107943e+07,0,0,16969.200624352383,487028.7351695424,7293.192140846965,2.250152389387777e+07,9676.00766298679
2019-11-05 21:51:32.886210358,RCA=wally178-instance-000002fb anomaly=mem_leak_vod component=wally178-instance-000002fb group=backend host=vod-video-2 index=0 injected=wally178-instance-000002fb layer=virtual node=wally178 target=wally178-instance-000002fb|mem_leak_vod vm=instance-000002fb,1.5219511296e+10,1.7179869184e+10,1.7179869184e+10,59.34324915818298,41.98933416326119,5.998476303040359,0,49.98966603625765,5.196748974523385e+06,43.3227326072462,2.097152e+06,2.097152e+06,2.047976e+06,96.27554229151123,1.9717e+06,2.2206327209541857e+07,0,0,16608.27386232923,484687.4773590858,7206.748613487236,2.1721635680926975e+07,9401.5247185493
2019-11-05 21:51:33.3862552,RCA=wally178-instance-000002fb anomaly=mem_leak_vod component=wally178-instance-000002fb group=backend host=vod-video-2 index=0 injected=wally178-instance-000002fb layer=virtual node=wally178 target=wally178-instance-000002fb|mem_leak_vod vm=instance-000002fb,1.5219605504e+10,1.7179869184e+10,1.7179869184e+10,58.419242492600695,43.9346283484415,4.992571562756917,0,51.99400857440994,5.516676710543367e+06,41.83656083125445,2.097152e+06,2.097152e+06,2.047976e+06,96.27554229151123,1.9717e+06,2.0606101712996747e+07,0,0,15926.463869846448,474719.45796459017,7008.443959148992,2.0131395665060233e+07,8918.024580732985
2019-11-05 21:51:33.88634682,RCA=wally178-instance-000002fb anomaly=mem_leak_vod component=wally178-instance-000002fb group=backend host=vod-video-2 index=0 injected=wally178-instance-000002fb layer=virtual node=wally178 target=wally178-instance-000002fb|mem_leak_vod vm=instance-000002fb,1.5219605504e+10,1.7179869184e+10,1.7179869184e+10,58.32520667387529,42.75633936619403,4.676474515078803,0,50.99370243073091,5.782836431819926e+06,42.95278260741862,2.097152e+06,2.097152e+06,2.047976e+06,96.27554229151123,1.9717e+06,1.969322917325859e+07,0,0,15807.61137568807,470418.53862050007,6994.240411520846,1.922281205273938e+07,8813.369692971082
2019-11-05 21:51:34.38640024,RCA=wally178-instance-000002fb anomaly=mem_leak_vod component=wally178-instance-000002fb group=backend host=vod-video-2 index=0 injected=wally178-instance-000002fb layer=virtual node=wally178 target=wally178-instance-000002fb|mem_leak_vod vm=instance-000002fb,1.5219605504e+10,1.7179869184e+10,1.7179869184e+10,58.46782286041892,37.93079511259389,4.9908939293628025,0,50.99170609701991,5.626989934874009e+06,41.88500700298702,2.097152e+06,2.097152e+06,2.047976e+06,96.27554229151123,1.9717e+06,1.8459691486664698e+07,0,0,15530.328029606851,460219.5958503716,6885.419655746184,1.799946426116676e+07,8644.904009371403
2019-11-05 21:51:34.886530614,RCA=wally178-instance-000002fb anomaly=mem_leak_vod component=wally178-instance-000002fb group=backend host=vod-video-2 index=0 injected=wally178-instance-000002fb layer=virtual node=wally178 target=wally178-instance-000002fb|mem_leak_vod vm=instance-000002fb,1.5219605504e+10,1.7179869184e+10,1.7179869184e+10,58.20784094853656,33.787574948443435,5.962513516533688,0,62.989049920572754,6.261696775327203e+06,40.858299169218036,2.097152e+06,2.097152e+06,2.047976e+06,96.27554229151123,1.9717e+06,1.8690153821077734e+07,0,0,15360.070681587624,459317.5501160039,6770.426656012225,1.823083322456842e+07,8589.643555342918
2019-11-05 21:51:35.386624548,RCA=wally178-instance-000002fb anomaly=mem_leak_vod component=wally178-instance-000002fb group=backend host=vod-video-2 index=0 injected=wally178-instance-000002fb layer=virtual node=wally178 target=wally178-instance-000002fb|mem_leak_vod vm=instance-000002fb,1.5219605504e+10,1.7179869184e+10,1.7179869184e+10,57.84918856196752,33.89687794620156,5.3171576111500185,0,49.99112202664817,5.340230843557657e+06,40.60651266608129,2.097152e+06,2.097152e+06,2.047976e+06,96.27554229151123,1.9717e+06,1.8684581927779038e+07,0,0,15247.175149314666,454426.35958784306,6742.781239506663,1.8230161289165262e+07,8504.39856624213
2019-11-05 21:51:35.886717695,RCA=wally178-instance-000002fb anomaly=mem_leak_vod component=wally178-instance-000002fb group=backend host=vod-video-2 index=0 injected=wally178-instance-000002fb layer=virtual node=wally178 target=wally178-instance-000002fb|mem_leak_vod vm=instance-000002fb,1.5219605504e+10,1.7179869184e+10,1.7179869184e+10,57.12334658567344,36.68970939405354,5.3366850205715535,0,42.99240633725346,5.139567058703362e+06,40.963417005991545,2.097152e+06,2.097152e+06,2.047976e+06,96.27554229151123,1.9717e+06,1.8269625963331226e+07,0,0,14936.57226341908,445205.1257417975,6609.203410394849,1.7824421294991575e+07,8327.368926207615
2019-11-05 21:51:36.386814164,RCA=wally178-instance-000002fb anomaly=mem_leak_vod component=wally178-instance-000002fb group=backend host=vod-video-2 index=0 injected=wally178-instance-000002fb layer=virtual node=wally178 target=wally178-instance-000002fb|mem_leak_vod vm=instance-000002fb,1.5219605504e+10,1.7179869184e+10,1.7179869184e+10,58.180093332581826,41.935113505327415,5.990730285427955,0,43.99218562407541,5.192806178240045e+06,41.9047035498491,2.097152e+06,2.097152e+06,2.047976e+06,96.27554229151123,1.9717e+06,1.86275356227152e+07,0,0,14984.795111968613,441431.8571758609,6611.465970625523,1.8186097889604907e+07,8373.324471011236
2019-11-05 21:51:36.886903298,RCA=wally178-instance-000002fb anomaly=mem_leak_vod component=wally178-instance-000002fb group=backend host=vod-video-2 index=0 injected=wally178-instance-000002fb layer=virtual node=wally178 target=wally178-instance-000002fb|mem_leak_vod vm=instance-000002fb,1.5219613696e+10,1.7179869184e+10,1.7179869184e+10,60.41782580838151,36.95377260425317,4.993753004753668,0,49.989600763332405,5.401502939670883e+06,42.06822029403106,2.097152e+06,2.097152e+06,2.047976e+06,96.27554229151123,1.9717e+06,1.831704836784038e+07,0,0,15064.672914213415,445569.2090345914,6657.010696826228,1.7871474938111763e+07,8407.658165640136
2019-11-05 21:51:37.387009065,RCA=wally178-instance-000002fb anomaly=mem_leak_vod component=wally178-instance-000002fb group=backend host=vod-video-2 index=0 injected=wally178-instance-000002fb layer=virtual node=wally178 target=wally178-instance-000002fb|mem_leak_vod vm=instance-000002fb,1.5219613696e+10,1.7179869184e+10,1.7179869184e+10,59.58023444313246,34.90986889755332,4.987123983967745,0,48.99071875732214,5.446649515698228e+06,42.12617578812235,2.097152e+06,2.097152e+06,2.047976e+06,96.27554229151123,1.9717e+06,1.862009474515616e+07,0,0,15336.08616035312,454249.6219499709,6787.643393708208,1.816584356732054e+07,8548.443637055458
2019-11-05 21:51:37.887099625,RCA=wally178-instance-000002fb anomaly=mem_leak_vod component=wally178-instance-000002fb group=backend host=vod-video-2 index=0 injected=wally178-instance-000002fb layer=virtual node=wally178 target=wally178-instance-000002fb|mem_leak_vod vm=instance-000002fb,1.5219613696e+10,1.7179869184e+10,1.7179869184e+10,59.455437322781634,38.65715290939275,5.998523755305787,0,34.994446381359275,4.578602296114667e+06,41.93877965670223,2.097152e+06,2.097152e+06,2.047976e+06,96.27554229151123,1.9717e+06,1.9269126342249773e+07,0,0,15558.869015071048,468902.15853339125,6976.663919408344,1.8800222314901613e+07,8582.205992388159
2019-11-05 21:51:38.387137552,RCA=wally178-instance-000002fb anomaly=mem_leak_vod component=wally178-instance-000002fb group=backend host=vod-video-2 index=0 injected=wally178-instance-000002fb layer=virtual node=wally178 target=wally178-instance-000002fb|mem_leak_vod vm=instance-000002fb,1.5219613696e+10,1.7179869184e+10,1.7179869184e+10,59.180715861672226,39.99112207754178,5.332149795145737,0,30.994230052145028,4.062474835940078e+06,42.7743099086291,2.097152e+06,2.097152e+06,2.047976e+06,96.27554229151123,1.9717e+06,2.0142729368571855e+07,0,0,15771.916823166164,472467.4119634936,7029.595752839775,1.9670256028802328e+07,8742.314813985298
2019-11-05 21:51:38.887231973,RCA=wally178-instance-000002fb anomaly=mem_leak_vod component=wally178-instance-000002fb group=backend host=vod-video-2 index=0 injected=wally178-instance-000002fb layer=virtual node=wally178 target=wally178-instance-000002fb|mem_leak_vod vm=instance-000002fb,1.5219613696e+10,1.7179869184e+10,1.7179869184e+10,54.20572546592584,37.455135761834754,4.013050461503746,0,33.99423495168878,4.205880516428319e+06,38.66531758218247,2.097152e+06,2.097152e+06,2.047976e+06,96.70484419739293,1.980492e+06,1.9161602572251536e+07,0,0,14255.454670563047,428327.6033219672,6351.95460610885,1.8733278900151055e+07,7903.500874183008
2019-11-05 21:51:39.387409347,RCA=wally178-instance-000002fb anomaly=mem_leak_vod component=wally178-instance-000002fb group=backend host=vod-video-2 index=0 injected=wally178-instance-000002fb layer=virtual node=wally178 target=wally178-instance-000002fb|mem_leak_vod vm=instance-000002fb,1.5219675136e+10,1.7179869184e+10,1.7179869184e+10,50.17822703160814,33.924020236180944,3.9910608418816578,0,36.99008728543898,4.266891272219719e+06,37.93717739996404,2.097152e+06,2.097152e+06,2.047976e+06,96.70484419739293,1.980492e+06,1.7990704175918337e+07,0,0,14006.855671507996,421682.0193575165,6304.133613532068,1.7569028595768325e+07,7702.726175623698
2019-11-05 21:51:39.88754977,RCA=wally178-instance-000002fb anomaly=mem_leak_vod component=wally178-instance-000002fb group=backend host=vod-video-2 index=0 injected=wally178-instance-000002fb layer=virtual node=wally178 target=wally178-instance-000002fb|mem_leak_vod vm=instance-000002fb,1.5219675136e+10,1.7179869184e+10,1.7179869184e+10,55.84217225645949,35.894187238286754,3.9882428674154884,0,34.98933378151138,4.0169516853466784e+06,38.921510648097986,2.097152e+06,2.097152e+06,2.047976e+06,96.70484419739293,1.980492e+06,1.6190390793923486e+07,0,0,14724.996703655226,441467.2674164638,6663.85261386183,1.5748921879893063e+07,8061.144130801061
2019-11-05 21:51:40.387581118,RCA=wally178-instance-000002fb anomaly=mem_leak_vod component=wally178-instance-000002fb group=backend host=vod-video-2 index=0 injected=wally178-instance-000002fb layer=virtual node=wally178 target=wally178-instance-000002fb|mem_leak_vod vm=instance-000002fb,1.5219675136e+10,1.7179869184e+10,1.7179869184e+10,57.24584608732853,37.30519270835661,3.330820646618314,0,38.993361029344506,4.136255508825482e+06,40.57027863566939,2.097152e+06,2.097152e+06,2.047976e+06,96.70484419739293,1.980492e+06,1.7449475402979538e+07,0,0,14757.152870368453,447738.02812275727,6722.755484328099,1.7001741610105127e+07,8034.39997930201
2019-11-05 21:51:40.887679455,RCA=wally178-instance-000002fb anomaly=mem_leak_vod component=wally178-instance-000002fb group=backend host=vod-video-2 index=0 injected=wally178-instance-000002fb layer=virtual node=wally178 target=wally178-instance-000002fb|mem_leak_vod vm=instance-000002fb,1.5219675136e+10,1.7179869184e+10,1.7179869184e+10,57.8485917536345,37.98180208302237,1.9990421689399633,0,34.99461597334865,3.5465896585028763e+06,40.74605157417584,2.097152e+06,2.097152e+06,2.047976e+06,96.70484419739293,1.980492e+06,1.6673079184460565e+07,0,0,14384.161718902787,442862.1465696503,6613.3002526387145,1.623021773391409e+07,7770.862188748851
2019-11-05 21:51:41.38773261,RCA=wally178-instance-000002fb anomaly=mem_leak_vod component=wally178-instance-000002fb group=backend host=vod-video-2 index=0 injected=wally178-instance-000002fb layer=virtual node=wally178 target=wally178-instance-000002fb|mem_leak_vod vm=instance-000002fb,1.5219675136e+10,1.7179869184e+10,1.7179869184e+10,56.12687764467644,36.059371033218774,1.33553219449467,0,32.994694519110716,3.722665302352749e+06,38.94057924614861,2.097152e+06,2.097152e+06,2.047976e+06,96.70484419739293,1.980492e+06,1.5531640850523973e+07,0,0,14192.909100706105,435214.63056033535,6468.462829904125,1.509642275485698e+07,7724.445942641343
2019-11-05 21:51:41.887806674,RCA=wally178-instance-000002fb anomaly=mem_leak_vod component=wally178-instance-000002fb group=backend host=vod-video-2 index=0 injected=wally178-instance-000002fb layer=virtual node=wally178 target=wally178-instance-000002fb|mem_leak_vod vm=instance-000002fb,1.5219707904e+10,1.7179869184e+10,1.7179869184e+10,54.69054245133551,34.017984310444064,2.6680772186157315,0,36.99483822120751,4.1773374201687085e+06,39.966317346931625,2.097152e+06,2.097152e+06,2.047976e+06,96.70484419739293,1.980492e+06,1.5787753979955105e+07,0,0,14213.413583150481,430858.24867277587,6438.326116802674,1.5356890489190096e+07,7775.084578575397
2019-11-05 21:51:42.387883156,RCA=wally178-instance-000002fb anomaly=mem_leak_vod component=wally178-instance-000002fb group=backend host=vod-video-2 index=0 injected=wally178-instance-000002fb layer=virtual node=wally178 target=wally178-instance-000002fb|mem_leak_vod vm=instance-000002fb,1.5219707904e+10,1.7179869184e+10,1.7179869184e+10,54.7251310464429,32.984085508582965,3.9980712624557797,0,29.995339864008045,3.558871246794562e+06,39.953397518113526,2.097152e+06,2.097152e+06,2.047976e+06,96.70484419739293,1.980492e+06,1.5664928358625298e+07,0,0,14161.775438495513,426333.69043840544,6374.297057767261,1.5238594360254219e+07,7787.4803365871885
2019-11-05 21:51:42.887950302,RCA=wally178-instance-000002fb anomaly=mem_leak_vod component=wally178-instance-000002fb group=backend host=vod-video-2 index=0 injected=wally178-instance-000002fb layer=virtual node=wally178 target=wally178-instance-000002fb|mem_leak_vod vm=instance-000002fb,1.5219707904e+10,1.7179869184e+10,1.7179869184e+10,56.68573449682103,36.96931214368265,3.996682369951433,0,31.995252736370496,3.9438636456113574e+06,39.96817130681165,2.097152e+06,2.097152e+06,2.047976e+06,96.70484419739293,1.980492e+06,2.0318960050477274e+07,0,0,15068.878187126244,463670.74630295835,6842.338429615076,1.9855289930511102e+07,8226.540387920704
2019-11-05 21:51:43.388026165,RCA=wally178-instance-000002fb anomaly=mem_leak_vod component=wally178-instance-000002fb group=backend host=vod-video-2 index=0 injected=wally178-instance-000002fb layer=virtual node=wally178 target=wally178-instance-000002fb|mem_leak_vod vm=instance-000002fb,1.5219707904e+10,1.7179869184e+10,1.7179869184e+10,58.131504405551205,40.986308974336524,3.9986639384142495,0,33.995450150938154,4.2060288590020975e+06,40.604951633797945,2.097152e+06,2.097152e+06,2.047976e+06,96.70484419739293,1.980492e+06,1.9703889828797504e+07,0,0,15104.901740899073,457724.2092614334,6804.465865794622,1.9246166584002443e+07,8300.43607268729
2019-11-05 21:51:43.88848554,RCA=wally178-instance-000002fb anomaly=mem_leak_vod component=wally178-instance-000002fb group=backend host=vod-video-2 index=0 injected=wally178-instance-000002fb layer=virtual node=wally178 target=wally178-instance-000002fb|mem_leak_vod vm=instance-000002fb,1.5219712e+10,1.7179869184e+10,1.7179869184e+10,55.680561007056674,35.98304579634604,2.9985872156333544,0,29.984208966268955,3.684457797023624e+06,40.88375921403514,2.097152e+06,2.097152e+06,2.047976e+06,96.70484419739293,1.980492e+06,2.0894406578392208e+07,0,0,15437.48358579139,462119.1715496909,6903.573466735162,2.0432286610627607e+07,8533.906838200137
2019-11-05 21:51:44.388560981,RCA=wally178-instance-000002fb anomaly=mem_leak_vod component=wally178-instance-000002fb group=backend host=vod-video-2 index=0 injected=wally178-instance-000002fb layer=virtual node=wally178 target=wally178-instance-000002fb|mem_leak_vod vm=instance-000002fb,1.5219888128e+10,1.7179869184e+10,1.7179869184e+10,55.896001504234924,31.979132752442446,3.9973919935338347,0,40.978211516132966,4.425422454128755e+06,40.647400313785006,2.097152e+06,2.097152e+06,2.047976e+06,96.70484419739293,1.980492e+06,1.873129402576437e+07,0,0,15164.221040867948,453184.9355851991,6737.6608000117685,1.8278105191085827e+07,8426.55995380878
2019-11-05 21:51:44.888636977,RCA=wally178-instance-000002fb anomaly=mem_leak_vod component=wally178-instance-000002fb group=backend host=vod-video-2 index=0 injected=wally178-instance-000002fb layer=virtual node=wally178 target=wally178-instance-000002fb|mem_leak_vod vm=instance-000002fb,1.5219888128e+10,1.7179869184e+10,1.7179869184e+10,59.196873490208766,30.968861088894865,4.9949775700332415,0,51.99248978883499,5.1479309965165e+06,41.97922045379225,2.097152e+06,2.097152e+06,2.047976e+06,96.70484419739293,1.980492e+06,2.141953258145129e+07,0,0,15911.24022236814,491779.56965418346,7261.6530382178335,2.0927752616101574e+07,8649.586575710442
2019-11-05 21:51:45.388737903,RCA=wally178-instance-000002fb anomaly=mem_leak_vod component=wally178-instance-000002fb group=backend host=vod-video-2 index=0 injected=wally178-instance-000002fb layer=virtual node=wally178 target=wally178-instance-000002fb|mem_leak_vod vm=instance-000002fb,1.5219888128e+10,1.7179869184e+10,1.7179869184e+10,58.55335744891386,34.66990104484841,4.00037312280191,0,41.99394829410528,4.504950525787648e+06,42.99014150075105,2.097152e+06,2.097152e+06,2.047976e+06,96.70484419739293,1.980492e+06,2.1015037874451153e+07,0,0,15871.108486592275,481713.11515564297,7165.640999354611,2.05333315574724e+07,8705.471604439503
2019-11-05 21:51:45.888769214,RCA=wally178-instance-000002fb anomaly=mem_leak_vod component=wally178-instance-000002fb group=backend host=vod-video-2 index=0 injected=wally178-instance-000002fb layer=virtual node=wally178 target=wally178-instance-000002fb|mem_leak_vod vm=instance-000002fb,1.5219888128e+10,1.7179869184e+10,1.7179869184e+10,58.32947914702819,36.06173121677265,4.006858930432157,0,28.995605281085574,3.640792547356814e+06,41.98630826487482,2.097152e+06,2.097152e+06,2.047976e+06,96.70484419739293,1.980492e+06,2.139089498177972e+07,0,0,15957.814166749024,477533.75568637677,7173.2238414158555,2.0913362469567835e+07,8784.590388195646
2019-11-05 21:51:46.388838428,RCA=wally178-instance-000002fb anomaly=mem_leak_vod component=wally178-instance-000002fb group=backend host=vod-video-2 index=0 injected=wally178-instance-000002fb layer=virtual node=wally178 target=wally178-instance-000002fb|mem_leak_vod vm=instance-000002fb,1.5220023296e+10,1.7179869184e+10,1.7179869184e+10,56.40392071214295,32.97653772103609,3.9971559555859493,0,30.995543243823597,3.2026113588004294e+06,39.90990841041195,2.097152e+06,2.097152e+06,2.047976e+06,96.70484419739293,1.980492e+06,1.8568070166981462e+07,0,0,15170.37763335192,449683.220541759,6789.824559151969,1.8118377132619534e+07,8380.546410986108
2019-11-05 21:51:46.888941103,RCA=wally178-instance-000002fb anomaly=mem_leak_vod component=wally178-instance-000002fb group=backend host=vod-video-2 index=0 injected=wally178-instance-000002fb layer=virtual node=wally178 target=wally178-instance-000002fb|mem_leak_vod vm=instance-000002fb,1.5220023296e+10,1.7179869184e+10,1.7179869184e+10,51.834713177005796,29.933480890826498,3.991130558453516,0,21.996834743467755,2.0845455147980673e+06,38.6667055911503,2.097152e+06,2.097152e+06,2.047976e+06,96.70484419739293,1.980492e+06,1.7153727111622106e+07,0,0,13733.321918270765,418140.99964661064,6235.90247198283,1.6735590149827352e+07,7497.421066374387
2019-11-05 21:51:47.388998927,RCA=wally178-instance-000002fb anomaly=mem_leak_vod component=wally178-instance-000002fb group=backend host=vod-video-2 index=0 injected=wally178-instance-000002fb layer=virtual node=wally178 target=wally178-instance-000002fb|mem_leak_vod vm=instance-000002fb,1.5220023296e+10,1.7179869184e+10,1.7179869184e+10,51.187749498034485,31.985914490779354,2.9986794475422505,0,24.99600588821912,2.8012171862502727e+06,37.990434743013445,2.097152e+06,2.097152e+06,2.047976e+06,96.70484419739293,1.980492e+06,1.9168643151393462e+07,0,0,14448.538792377907,440404.8987155692,6576.24076404667,1.8728186708122227e+07,7872.298041349658
2019-11-05 21:51:47.889088731,RCA=wally178-instance-000002fb anomaly=mem_leak_vod component=wally178-instance-000002fb group=backend host=vod-video-2 index=0 injected=wally178-instance-000002fb layer=virtual node=wally178 target=wally178-instance-000002fb|mem_leak_vod vm=instance-000002fb,1.5220023296e+10,1.7179869184e+10,1.7179869184e+10,58.33682216135679,33.83081513826689,1.990048018614909,0,52.990572129369035,5.798955245895082e+06,40.949049104702425,2.097152e+06,2.097152e+06,2.047976e+06,96.70484419739293,1.980492e+06,2.3215673317412857e+07,0,0,15836.36305955493,482574.0559600928,7194.6359867403635,2.2733090416868873e+07,8641.723490444048
2019-11-05 21:51:48.389210279,RCA=wally178-instance-000002fb anomaly=mem_leak_vod component=wally178-instance-000002fb group=backend host=vod-video-2 index=0 injected=wally178-instance-000002fb layer=virtual node=wally178 target=wally178-instance-000002fb|mem_leak_vod vm=instance-000002fb,1.5220023296e+10,1.7179869184e+10,1.7179869184e+10,61.59353132148804,36.92070120107052,1.995713592376299,0,48.99078708652522,5.684176748681591e+06,43.829926909931096,2.097152e+06,2.097152e+06,2.047976e+06,96.70484419739293,1.980492e+06,2.260735195282599e+07,0,0,15889.666237386378,483897.2576317712,7186.356469470499,2.2123550117686268e+07,8703.310501662065
2019-11-05 21:51:48.88928901,RCA=wally178-instance-000002fb anomaly=mem_leak_vod component=wally178-instance-000002fb group=backend host=vod-video-2 index=0 injected=wally178-instance-000002fb layer=virtual node=wally178 target=wally178-instance-000002fb|mem_leak_vod vm=instance-000002fb,1.5220023296e+10,1.7179869184e+10,1.7179869184e+10,59.885086878996994,36.65080234243888,2.6655130557172653,0,32.99392618112324,4.1853382355936947e+06,42.74335662615188,2.097152e+06,2.097152e+06,2.047976e+06,96.34819939296163,1.973188e+06,2.1676573943591446e+07,0,0,15585.20332147112,472352.0608376715,7014.409414945076,2.120428048864514e+07,8570.794061511566
2019-11-05 21:51:49.389415095,RCA=wally178-instance-000002fb anomaly=mem_leak_vod component=wally178-instance-000002fb group=backend host=vod-video-2 index=0 injected=wally178-instance-000002fb layer=virtual node=wally178 target=wally178-instance-000002fb|mem_leak_vod vm=instance-000002fb,1.5220023296e+10,1.7179869184e+10,1.7179869184e+10,59.09769729778436,40.07431332573949,2.6716209169328655,0,33.99439187718323,4.316470064484274e+06,42.065413597065245,2.097152e+06,2.097152e+06,2.047976e+06,96.34819939296163,1.973188e+06,2.0335615805819318e+07,0,0,15367.184857222233,463212.03461378976,6879.92020904589,1.9872407434175424e+07,8487.266357065007
2019-11-05 21:51:49.889458188,RCA=wally178-instance-000002fb anomaly=mem_leak_vod component=wally178-instance-000002fb group=backend host=vod-video-2 index=0 injected=wally178-instance-000002fb layer=virtual node=wally178 target=wally178-instance-000002fb|mem_leak_vod vm=instance-000002fb,1.5220023296e+10,1.7179869184e+10,1.7179869184e+10,58.011659504937406,41.93206979533913,2.995147827572706,0,32.99447550400504,3.927408158184257e+06,41.660073546733514,2.097152e+06,2.097152e+06,2.047976e+06,96.34819939296163,1.973188e+06,1.904326879942483e+07,0,0,15123.585603091375,450650.928125884,6745.294130023809,1.8592622026830547e+07,8378.292296462627
2019-11-05 21:51:50.389591321,RCA=wally178-instance-000002fb anomaly=mem_leak_vod component=wally178-instance-000002fb group=backend host=vod-video-2 index=0 injected=wally178-instance-000002fb layer=virtual node=wally178 target=wally178-instance-000002fb|mem_leak_vod vm=instance-000002fb,1.5220023296e+10,1.7179869184e+10,1.7179869184e+10,58.16932035533422,41.33514017498066,3.3334789285813375,0,32.994350707271906,3.86186717273687e+06,41.97702672885777,2.097152e+06,2.097152e+06,2.047976e+06,96.34819939296163,1.973188e+06,1.9416289347469356e+07,0,0,15208.695166085878,452336.710935803,6816.369210963732,1.896391616189052e+07,8392.297643558642
2019-11-05 21:51:50.889629705,RCA=wally178-instance-000002fb anomaly=mem_leak_vod component=wally178-instance-000002fb group=backend host=vod-video-2 index=0 injected=wally178-instance-000002fb layer=virtual node=wally178 target=wally178-instance-000002fb|mem_leak_vod vm=instance-000002fb,1.5220047872e+10,1.7179869184e+10,1.7179869184e+10,59.733380687164775,42.02829925096104,3.335579201046593,0,34.993859942340656,4.173092448547585e+06,43.92870576055689,2.097152e+06,2.097152e+06,2.047976e+06,96.34819939296163,1.973188e+06,2.1345218646113157e+07,0,0,15570.82358309466,469367.63552065805,7006.971114107259,2.087585345482774e+07,8563.852676813169
2019-11-05 21:51:51.389745953,RCA=wally178-instance-000002fb anomaly=mem_leak_vod component=wally178-instance-000002fb group=backend host=vod-video-2 index=0 injected=wally178-instance-000002fb layer=virtual node=wally178 target=wally178-instance-000002fb|mem_leak_vod vm=instance-000002fb,1.5220047872e+10,1.7179869184e+10,1.7179869184e+10,63.62544347867873,41.890884467338395,4.987010503300411,0,36.99266490943843,4.1689037535321782e+06,45.876079213695405,2.097152e+06,2.097152e+06,2.047976e+06,96.34819939296163,1.973188e+06,2.390621723072314e+07,0,0,16240.508603231907,494635.7708000504,7306.793491348456,2.34116244936078e+07,8933.74359920367
2019-11-05 21:51:51.889796136,RCA=wally178-instance-000002fb anomaly=mem_leak_vod component=wally178-instance-000002fb group=backend host=vod-video-2 index=0 injected=wally178-instance-000002fb layer=virtual node=wally178 target=wally178-instance-000002fb|mem_leak_vod vm=instance-000002fb,1.5220047872e+10,1.7179869184e+10,1.7179869184e+10,62.397598395300705,35.8960943397141,4.985569031132075,0,45.99220473522722,5.037227469399714e+06,43.93382752798477,2.097152e+06,2.097152e+06,2.047976e+06,96.34819939296163,1.973188e+06,2.157986805898022e+07,0,0,15930.321397675229,473952.69140694325,7048.382558892192,2.1105909411761392e+07,8881.938875187856
2019-11-05 21:51:52.38987236,RCA=wally178-instance-000002fb anomaly=mem_leak_vod component=wally178-instance-000002fb group=backend host=vod-video-2 index=0 injected=wally178-instance-000002fb layer=virtual node=wally178 target=wally178-instance-000002fb|mem_leak_vod vm=instance-000002fb,1.5220047872e+10,1.7179869184e+10,1.7179869184e+10,62.88290384934857,37.268596514056135,5.32408548557964,0,42.99390853705066,4.975935765762944e+06,44.67419784293903,2.097152e+06,2.097152e+06,2.047976e+06,96.34819939296163,1.973188e+06,2.354646847241255e+07,0,0,16094.76218473771,476540.55070002825,7091.133663257766,2.306993210921851e+07,9003.630973621852
2019-11-05 21:51:52.889929415,RCA=wally178-instance-000002fb anomaly=mem_leak_vod component=wally178-instance-000002fb group=backend host=vod-video-2 index=0 injected=wally178-instance-000002fb layer=virtual node=wally178 target=wally178-instance-000002fb|mem_leak_vod vm=instance-000002fb,1.5220047872e+10,1.7179869184e+10,1.7179869184e+10,62.53391915158145,39.97311867728631,5.995968149125388,0,40.99415493040756,4.812113398036142e+06,44.02887531053199,2.097152e+06,2.097152e+06,2.047976e+06,96.34819939296163,1.973188e+06,2.3180229171565045e+07,0,0,16144.102857483664,474145.4914212208,7053.55450121848,2.2706086779552303e+07,9090.549699205223
2019-11-05 21:51:53.390022995,RCA=wally178-instance-000002fb anomaly=mem_leak_vod component=wally178-instance-000002fb group=backend host=vod-video-2 index=0 injected=wally178-instance-000002fb layer=virtual node=wally178 target=wally178-instance-000002fb|mem_leak_vod vm=instance-000002fb,1.5220047872e+10,1.7179869184e+10,1.7179869184e+10,63.17584094165436,35.93610707500104,4.991125957727695,0,42.993301514644116,5.074154141943803e+06,44.84041694688315,2.097152e+06,2.097152e+06,2.047976e+06,96.34819939296163,1.973188e+06,2.256015726117237e+07,0,0,16545.814486012485,479619.0416827854,7184.025260493973,2.20805328150849e+07,9361.788606242162
2019-11-05 21:51:53.890178102,RCA=wally178-instance-000002fb anomaly=mem_leak_vod component=wally178-instance-000002fb group=backend host=vod-video-2 index=0 injected=wally178-instance-000002fb layer=virtual node=wally178 target=wally178-instance-000002fb|mem_leak_vod vm=instance-000002fb,1.5220555776e+10,1.7179869184e+10,1.7179869184e+10,63.47565054563689,34.78450073051278,4.969214088817554,0,41.99311850368457,4.914391597325414e+06,44.855872385330144,2.097152e+06,2.097152e+06,2.047976e+06,96.34819939296163,1.973188e+06,2.2614814282084733e+07,0,0,16809.686872075068,490679.5914388711,7348.24394226868,2.2124118878152486e+07,9461.437217200248
2019-11-05 21:51:54.390223414,RCA=wally178-instance-000002fb anomaly=mem_leak_vod component=wally178-instance-000002fb group=backend host=vod-video-2 index=0 injected=wally178-instance-000002fb layer=virtual node=wally178 target=wally178-instance-000002fb|mem_leak_vod vm=instance-000002fb,1.5220555776e+10,1.7179869184e+10,1.7179869184e+10,62.76172722846264,34.67481492454233,6.001410091315056,0,39.994004978641705,4.562259282440113e+06,42.91096986452001,2.097152e+06,2.097152e+06,2.047976e+06,96.34819939296163,1.973188e+06,2.2451899623376373e+07,0,0,16727.07130663187,488063.9983652426,7326.553120056467,2.1963837351961352e+07,9400.519964792655
2019-11-05 21:51:54.890243435,RCA=wally178-instance-000002fb anomaly=mem_leak_vod component=wally178-instance-000002fb group=backend host=vod-video-2 index=0 injected=wally178-instance-000002fb layer=virtual node=wally178 target=wally178-instance-000002fb|mem_leak_vod vm=instance-000002fb,1.5220555776e+10,1.7179869184e+10,1.7179869184e+10,55.7527893692764,32.700970857121675,6.006300865877142,0,30.996307130964727,3.972647672055031e+06,38.71082940024354,2.097152e+06,2.097152e+06,2.047976e+06,96.34819939296163,1.973188e+06,2.177098334680486e+07,0,0,14882.962946478954,440468.6339888527,6584.62780728101,2.1330527317302193e+07,8298.341076181625
2019-11-05 21:51:55.39042463,RCA=wally178-instance-000002fb anomaly=mem_leak_vod component=wally178-instance-000002fb group=backend host=vod-video-2 index=0 injected=wally178-instance-000002fb layer=virtual node=wally178 target=wally178-instance-000002fb|mem_leak_vod vm=instance-000002fb,1.5220555776e+10,1.7179869184e+10,1.7179869184e+10,56.04800086230287,34.8602390903308,4.692724395404641,0,28.994278616989064,3.8003365974479523e+06,40.09872948779567,2.097152e+06,2.097152e+06,2.047976e+06,96.34819939296163,1.973188e+06,2.20720767764868e+07,0,0,15493.707675052727,456184.76800812915,6845.205323430314,2.1615901097793173e+07,8648.505297089163
2019-11-05 21:51:55.890446835,RCA=wally178-instance-000002fb anomaly=mem_leak_vod component=wally178-instance-000002fb group=backend host=vod-video-2 index=0 injected=wally178-instance-000002fb layer=virtual node=wally178 target=wally178-instance-000002fb|mem_leak_vod vm=instance-000002fb,1.5220555776e+10,1.7179869184e+10,1.7179869184e+10,55.35779248207856,36.05106580596518,4.005674138894823,0,26.993907798936675,3.538145302617532e+06,38.782581986838025,2.097152e+06,2.097152e+06,2.047976e+06,96.34819939296163,1.973188e+06,2.185711059376417e+07,0,0,15476.913730630966,455872.10504501924,6843.705169915241,2.1401233159902148e+07,8633.204989161128
2019-11-05 21:51:56.390574859,RCA=wally178-instance-000002fb anomaly=mem_leak_vod component=wally178-instance-000002fb group=backend host=vod-video-2 index=0 injected=wally178-instance-000002fb layer=virtual node=wally178 target=wally178-instance-000002fb|mem_leak_vod vm=instance-000002fb,1.5220555776e+10,1.7179869184e+10,1.7179869184e+10,60.72293763967913,42.04412323315645,5.338935991406972,0,26.995691082767824,3.5383786130965487e+06,41.888696580874935,2.097152e+06,2.097152e+06,2.047976e+06,96.34819939296163,1.973188e+06,2.1494815290262885e+07,0,0,16406.573489369304,478444.84057700867,7223.038602331286,2.1016365800256204e+07,9183.5351557711
2019-11-05 21:51:56.890602141,RCA=wally178-instance-000002fb anomaly=mem_leak_vod component=wally178-instance-000002fb group=backend host=vod-video-2 index=0 injected=wally178-instance-000002fb layer=virtual node=wally178 target=wally178-instance-000002fb|mem_leak_vod vm=instance-000002fb,1.5220555776e+10,1.7179869184e+10,1.7179869184e+10,61.381125779561415,38.96217602602223,4.995150463167984,0,42.99330688797029,4.787480896790163e+06,43.30353311208257,2.097152e+06,2.097152e+06,2.047976e+06,96.34819939296163,1.973188e+06,2.3352852888523147e+07,0,0,16642.26945239502,495401.5485639409,7322.798876998726,2.285744469696582e+07,9319.468658146703
2019-11-05 21:51:57.390683006,RCA=wally178-instance-000002fb anomaly=mem_leak_vod component=wally178-instance-000002fb group=backend host=vod-video-2 index=0 injected=wally178-instance-000002fb layer=virtual node=wally178 target=wally178-instance-000002fb|mem_leak_vod vm=instance-000002fb,1.5220748288e+10,1.7179869184e+10,1.7179869184e+10,62.25009225530671,40.00121795708436,6.000182345541481,0,49.99257350322095,5.373157310033846e+06,45.337043233356425,2.097152e+06,2.097152e+06,2.047976e+06,96.34819939296163,1.973188e+06,2.446151236585066e+07,0,0,16823.82022209153,495556.83496875106,7374.752624508086,2.3965954928471494e+07,9449.067808800875
2019-11-05 21:51:57.890743649,RCA=wally178-instance-000002fb anomaly=mem_leak_vod component=wally178-instance-000002fb group=backend host=vod-video-2 index=0 injected=wally178-instance-000002fb layer=virtual node=wally178 target=wally178-instance-000002fb|mem_leak_vod vm=instance-000002fb,1.5220748288e+10,1.7179869184e+10,1.7179869184e+10,63.2061513147107,36.67321875282667,4.000715191851987,0,36.994685491461034,4.517238624361554e+06,44.91044941716072,2.097152e+06,2.097152e+06,2.047976e+06,96.34819939296163,1.973188e+06,2.5211064192775276e+07,0,0,17259.971479552125,509852.5209881231,7554.907999935992,2.470121284370015e+07,9705.063643081972
2019-11-05 21:51:58.390814726,RCA=wally178-instance-000002fb anomaly=mem_leak_vod component=wally178-instance-000002fb group=backend host=vod-video-2 index=0 injected=wally178-instance-000002fb layer=virtual node=wally178 target=wally178-instance-000002fb|mem_leak_vod vm=instance-000002fb,1.5220748288e+10,1.7179869184e+10,1.7179869184e+10,60.948659195467904,37.97686229283319,2.998173449772756,0,30.99591789960446,4.0626969874964133e+06,42.97137964310217,2.097152e+06,2.097152e+06,2.047976e+06,96.34819939296163,1.973188e+06,2.37606046847452e+07,0,0,17282.236905593192,504290.50044317846,7553.607418085886,2.3256316588263437e+07,9728.630599596065
2019-11-05 21:51:58.890921031,RCA=wally178-instance-000002fb anomaly=mem_leak_vod component=wally178-instance-000002fb group=backend host=vod-video-2 index=0 injected=wally178-instance-000002fb layer=virtual node=wally178 target=wally178-instance-000002fb|mem_leak_vod vm=instance-000002fb,1.5220748288e+10,1.7179869184e+10,1.7179869184e+10,59.76386613992614,39.903159660271044,3.9903152733931893,0,33.9947452282616,3.6284957747663595e+06,42.995871794365534,2.097152e+06,2.097152e+06,2.047976e+06,95.94389778005211,1.964908e+06,2.362136900894305e+07,0,0,16977.29297833252,488753.74010444584,7373.844227071051,2.3132615703367922e+07,9603.446837110667
2019-11-05 21:51:59.390997167,RCA=wally178-instance-000002fb anomaly=mem_leak_vod component=wally178-instance-000002fb group=backend host=vod-video-2 index=0 injected=wally178-instance-000002fb layer=virtual node=wally178 target=wally178-instance-000002fb|mem_leak_vod vm=instance-000002fb,1.5220748288e+10,1.7179869184e+10,1.7179869184e+10,63.61637386534823,38.95476911117302,2.9965206888872813,0,41.992895054114214,4.234547734719768e+06,46.79242869273417,2.097152e+06,2.097152e+06,2.047976e+06,95.94389778005211,1.964908e+06,2.718460264563932e+07,0,0,17666.534021983443,522152.3223036158,7777.016351817995,2.6662443875453502e+07,9889.514806486199
2019-11-05 21:51:59.891066817,RCA=wally178-instance-000002fb anomaly=mem_leak_vod component=wally178-instance-000002fb group=backend host=vod-video-2 index=0 injected=wally178-instance-000002fb layer=virtual node=wally178 target=wally178-instance-000002fb|mem_leak_vod vm=instance-000002fb,1.5220748288e+10,1.7179869184e+10,1.7179869184e+10,63.58266409391832,39.333071899515446,2.6666488907851607,0,35.99430203000005,4.1035418717577155e+06,46.08548907381047,2.097152e+06,2.097152e+06,2.047976e+06,95.94389778005211,1.964908e+06,2.6680287760533765e+07,0,0,17593.815100997253,512207.6478122108,7662.81151130387,2.6168080154762086e+07,9931.004426705242
2019-11-05 21:52:00.391171658,RCA=wally178-instance-000002fb anomaly=mem_leak_vod component=wally178-instance-000002fb group=backend host=vod-video-2 index=0 injected=wally178-instance-000002fb layer=virtual node=wally178 target=wally178-instance-000002fb|mem_leak_vod vm=instance-000002fb,1.5220748288e+10,1.7179869184e+10,1.7179869184e+10,63.74394400819248,38.02994345910833,2.6687681543454094,0,27.995300568870004,3.419584148868499e+06,46.01627967009921,2.097152e+06,2.097152e+06,2.047976e+06,95.94389778005211,1.964908e+06,2.6886512554090638e+07,0,0,17717.76377570099,518117.97165055963,7752.648141022495,2.6368392435304184e+07,9965.11631977409
2019-11-05 21:52:00.89122274,RCA=wally178-instance-000002fb anomaly=mem_leak_vod component=wally178-instance-000002fb group=backend host=vod-video-2 index=0 injected=wally178-instance-000002fb layer=virtual node=wally178 target=wally178-instance-000002fb|mem_leak_vod vm=instance-000002fb,1.5220748288e+10,1.7179869184e+10,1.7179869184e+10,62.259957743405536,30.993571809232478,3.99917056402668,0,30.994934652804364,3.771798831872537e+06,44.77516321935023,2.097152e+06,2.097152e+06,2.047976e+06,95.94389778005211,1.964908e+06,2.4498601556737304e+07,0,0,17288.960057337816,505169.42689065397,7520.363412833199,2.3993430007886503e+07,9768.59687507551
2019-11-05 21:52:01.391327156,RCA=wally178-instance-000002fb anomaly=mem_leak_vod component=wally178-instance-000002fb group=backend host=vod-video-2 index=0 injected=wally178-instance-000002fb layer=virtual node=wally178 target=wally178-instance-000002fb|mem_leak_vod vm=instance-000002fb,1.5220748288e+10,1.7179869184e+10,1.7179869184e+10,62.70352897307478,35.99656330011205,3.999618532382856,0,27.995187179400865,3.390905930651568e+06,43.97450387581616,2.097152e+06,2.097152e+06,2.047976e+06,95.94389778005211,1.964908e+06,2.3981419391509824e+07,0,0,17175.732408480293,501577.88187884056,7464.867438978714,2.3479840548544735e+07,9710.863060229956
2019-11-05 21:52:01.891437558,RCA=wally178-instance-000002fb anomaly=mem_leak_vod component=wally178-instance-000002fb group=backend host=vod-video-2 index=0 injected=wally178-instance-000002fb layer=virtual node=wally178 target=wally178-instance-000002fb|mem_leak_vod vm=instance-000002fb,1.5221403648e+10,1.7179869184e+10,1.7179869184e+10,64.01355949397443,40.976119813966456,2.998252750220293,0,41.992375024543044,4.893829279026753e+06,46.080435581448036,2.097152e+06,2.097152e+06,2.047976e+06,95.94389778005211,1.964908e+06,2.4650660193569735e+07,0,0,17183.75875321795,503973.4441814949,7464.927692104528,2.4146690998003434e+07,9718.83129881602
2019-11-05 21:52:02.391546268,RCA=wally178-instance-000002fb anomaly=mem_leak_vod component=wally178-instance-000002fb group=backend host=vod-video-2 index=0 injected=wally178-instance-000002fb layer=virtual node=wally178 target=wally178-instance-000002fb|mem_leak_vod vm=instance-000002fb,1.5221403648e+10,1.7179869184e+10,1.7179869184e+10,63.77753412767956,43.959647549249695,1.9981656020525262,0,47.99121098560252,5.061726990875003e+06,44.122810548424276,2.097152e+06,2.097152e+06,2.047976e+06,95.94389778005211,1.964908e+06,2.421492357530354e+07,0,0,17178.82131778,502223.955459472,7474.442568957076,2.3712702030252997e+07,9704.381316165149
2019-11-05 21:52:02.891570225,RCA=wally178-instance-000002fb anomaly=mem_leak_vod component=wally178-instance-000002fb group=backend host=vod-video-2 index=0 injected=wally178-instance-000002fb layer=virtual node=wally178 target=wally178-instance-000002fb|mem_leak_vod vm=instance-000002fb,1.5221403648e+10,1.7179869184e+10,1.7179869184e+10,55.241599254751506,38.96189678445877,2.997068866648418,0,28.99483529496309,3.116502559009561e+06,37.905689091407325,2.097152e+06,2.097152e+06,2.047976e+06,95.94389778005211,1.964908e+06,2.2218750209361877e+07,0,0,15445.865345372897,451717.9016890807,6759.3085215038545,2.1767032027947508e+07,8686.558230652694
2019-11-05 21:52:03.391659907,RCA=wally178-instance-000002fb anomaly=mem_leak_vod component=wally178-instance-000002fb group=backend host=vod-video-2 index=0 injected=wally178-instance-000002fb layer=virtual node=wally178 target=wally178-instance-000002fb|mem_leak_vod vm=instance-000002fb,1.5221403648e+10,1.7179869184e+10,1.7179869184e+10,54.02641588088994,30.963880478602306,3.9953392849012697,0,22.99731159127767,3.014304984184592e+06,40.0036860463088,2.097152e+06,2.097152e+06,2.047976e+06,95.94389778005211,1.964908e+06,2.1516248523098167e+07,0,0,15614.244905047526,457302.0577339225,6862.599230771984,2.1058943033315413e+07,8751.644372939816
2019-11-05 21:52:03.891710579,RCA=wally178-instance-000002fb anomaly=mem_leak_vod component=wally178-instance-000002fb group=backend host=vod-video-2 index=0 injected=wally178-instance-000002fb layer=virtual node=wally178 target=wally178-instance-000002fb|mem_leak_vod vm=instance-000002fb,1.5221403648e+10,1.7179869184e+10,1.7179869184e+10,59.15186465046376,34.99981142101606,3.9999783081176346,0,27.996405401528474,3.3009508441331773e+06,39.97365070191232,2.097152e+06,2.097152e+06,2.047976e+06,95.94389778005211,1.964908e+06,2.137828736925434e+07,0,0,15326.864322634725,448421.35525292304,6761.243757257789,2.0929865356622964e+07,8565.62051334477
2019-11-05 21:52:04.391803879,RCA=wally178-instance-000002fb anomaly=mem_leak_vod component=wally178-instance-000002fb group=backend host=vod-video-2 index=0 injected=wally178-instance-000002fb layer=virtual node=wally178 target=wally178-instance-000002fb|mem_leak_vod vm=instance-000002fb,1.5221403648e+10,1.7179869184e+10,1.7179869184e+10,58.485363027540785,37.33600798538272,3.333572112659,0,25.9954527194376,3.038698523048595e+06,40.817369821772196,2.097152e+06,2.097152e+06,2.047976e+06,95.94389778005211,1.964908e+06,2.0533922307549387e+07,0,0,15697.157929087929,460181.079694841,6891.875028172563,2.007374782192405e+07,8805.284740760346
2019-11-05 21:52:04.891905805,RCA=wally178-instance-000002fb anomaly=mem_leak_vod component=wally178-instance-000002fb group=backend host=vod-video-2 index=0 injected=wally178-instance-000002fb layer=virtual node=wally178 target=wally178-instance-000002fb|mem_leak_vod vm=instance-000002fb,1.5221403648e+10,1.7179869184e+10,1.7179869184e+10,59.75106370386655,41.938158075977476,0.9985275552905277,0,25.995501582433167,2.649654235135721e+06,42.78096007265631,2.097152e+06,2.097152e+06,2.047976e+06,95.94389778005211,1.964908e+06,2.2806008470564786e+07,0,0,15819.855249856315,474531.9894980553,7062.435351299863,2.233147447770413e+07,8757.419443612973
2019-11-05 21:52:05.391979176,RCA=wally178-instance-000002fb anomaly=mem_leak_vod component=wally178-instance-000002fb group=backend host=vod-video-2 index=0 injected=wally178-instance-000002fb layer=virtual node=wally178 target=wally178-instance-000002fb|mem_leak_vod vm=instance-000002fb,1.5221403648e+10,1.7179869184e+10,1.7179869184e+10,59.388817753803814,41.33826578764827,1.3334924749922838,0,30.994473995231388,3.2885024656934715e+06,42.644461667047,2.097152e+06,2.097152e+06,2.047976e+06,95.94389778005211,1.964908e+06,2.320278511049384e+07,0,0,15850.65837130887,476966.12223542016,7091.716386387058,2.2725819672717765e+07,8758.946578497136
2019-11-05 21:52:05.892090746,RCA=wally178-instance-000002fb anomaly=mem_leak_vod component=wally178-instance-000002fb group=backend host=vod-video-2 index=0 injected=wally178-instance-000002fb layer=virtual node=wally178 target=wally178-instance-000002fb|mem_leak_vod vm=instance-000002fb,1.5221403648e+10,1.7179869184e+10,1.7179869184e+10,58.410637973189125,37.90885074618265,2.9928042958832575,0,28.994558562200076,3.6488511069983654e+06,42.03726264232657,2.097152e+06,2.097152e+06,2.047976e+06,95.94389778005211,1.964908e+06,2.216518625168767e+07,0,0,15732.861582754376,471405.43369433016,7006.804080005506,2.169377651381315e+07,8726.05692450889
2019-11-05 21:52:06.392178071,RCA=wally178-instance-000002fb anomaly=mem_leak_vod component=wally178-instance-000002fb group=backend host=vod-video-2 index=0 injected=wally178-instance-000002fb layer=virtual node=wally178 target=wally178-instance-000002fb|mem_leak_vod vm=instance-000002fb,1.522163712e+10,1.7179869184e+10,1.7179869184e+10,58.02778952964049,33.81076032916864,4.9721702855832435,0,44.99244954708681,4.603132050152057e+06,41.64499069689578,2.097152e+06,2.097152e+06,2.047976e+06,95.94389778005211,1.964908e+06,2.083934119691165e+07,0,0,15411.786667456498,453030.8385105983,6728.2635439094065,2.0386304973980624e+07,8683.517240465442
2019-11-05 21:52:06.892231953,RCA=wally178-instance-000002fb anomaly=mem_leak_vod component=wally178-instance-000002fb group=backend host=vod-video-2 index=0 injected=wally178-instance-000002fb layer=virtual node=wally178 target=wally178-instance-000002fb|mem_leak_vod vm=instance-000002fb,1.522163712e+10,1.7179869184e+10,1.7179869184e+10,58.07659389555282,34.61937261091252,3.328785865647129,0,38.993738424477534,3.9520036523239063e+06,40.685469429239745,2.097152e+06,2.097152e+06,2.047976e+06,95.94389778005211,1.964908e+06,2.0562779950549025e+07,0,0,15421.735156107205,451972.71902295714,6750.0964162139735,2.01108069966286e+07,8671.635976996044
2019-11-05 21:52:07.392324896,RCA=wally178-instance-000002fb anomaly=mem_leak_vod component=wally178-instance-000002fb group=backend host=vod-video-2 index=0 injected=wally178-instance-000002fb layer=virtual node=wally178 target=wally178-instance-000002fb|mem_leak_vod vm=instance-000002fb,1.522163712e+10,1.7179869184e+10,1.7179869184e+10,54.75747649541161,30.750199809951866,4.010895557673464,0,30.994676602304203,3.3130955755052064e+06,39.3350118631829,2.097152e+06,2.097152e+06,2.047976e+06,95.94389778005211,1.964908e+06,2.0533136368870694e+07,0,0,14686.86882556962,426404.62110589806,6363.6212480356,2.0106734094098855e+07,8323.249097736261
2019-11-05 21:52:07.892425057,RCA=wally178-instance-000002fb anomaly=mem_leak_vod component=wally178-instance-000002fb group=backend host=vod-video-2 index=0 injected=wally178-instance-000002fb layer=virtual node=wally178 target=wally178-instance-000002fb|mem_leak_vod vm=instance-000002fb,1.522163712e+10,1.7179869184e+10,1.7179869184e+10,53.26431502789794,33.95783404809497,4.993799144670272,0,43.992488678490545,4.508928864369803e+06,38.92599059796595,2.097152e+06,2.097152e+06,2.047976e+06,95.94389778005211,1.964908e+06,2.058433560688396e+07,0,0,14458.524378178427,420601.46390245383,6241.096696400256,2.016373237779226e+07,8217.427512091099
2019-11-05 21:52:08.392506165,RCA=wally178-instance-000002fb anomaly=mem_leak_vod component=wally178-instance-000002fb group=backend host=vod-video-2 index=0 injected=wally178-instance-000002fb layer=virtual node=wally178 target=wally178-instance-000002fb|mem_leak_vod vm=instance-000002fb,1.522163712e+10,1.7179869184e+10,1.7179869184e+10,59.44416479982627,43.88625201335911,2.99224452708452,0,35.99363416586142,3.9969883052416393e+06,41.957028618257866,2.097152e+06,2.097152e+06,2.047976e+06,95.94389778005211,1.964908e+06,2.401102319106594e+07,0,0,16187.818777179942,476944.6182740041,7095.222247000711,2.353407747076257e+07,9092.594690828166
2019-11-05 21:52:08.892618554,RCA=wally178-instance-000002fb anomaly=mem_leak_vod component=wally178-instance-000002fb group=backend host=vod-video-2 index=0 injected=wally178-instance-000002fb layer=virtual node=wally178 target=wally178-instance-000002fb|mem_leak_vod vm=instance-000002fb,1.522163712e+10,1.7179869184e+10,1.7179869184e+10,61.08021505493107,41.987933591620305,3.9988508022587452,0,32.99441533226645,3.9888282486175736e+06,42.827207080471155,2.097152e+06,2.097152e+06,2.047976e+06,96.38081696269877,1.973856e+06,2.4515469147285663e+07,0,0,16727.745373129594,491858.32973928744,7319.63493845853,2.4023616728276193e+07,9408.1144367249
2019-11-05 21:52:09.392695659,RCA=wally178-instance-000002fb anomaly=mem_leak_vod component=wally178-instance-000002fb group=backend host=vod-video-2 index=0 injected=wally178-instance-000002fb layer=virtual node=wally178 target=wally178-instance-000002fb|mem_leak_vod vm=instance-000002fb,1.522163712e+10,1.7179869184e+10,1.7179869184e+10,61.261321316443976,38.02239143701378,4.002356929294427,0,30.99466296699439,3.8127187254189253e+06,43.93268918924903,2.097152e+06,2.097152e+06,2.047976e+06,96.38081696269877,1.973856e+06,2.244298732385542e+07,0,0,16721.1036927786,490387.4478465848,7300.242701940126,2.1952596193230204e+07,9420.861620931064
2019-11-05 21:52:09.892760832,RCA=wally178-instance-000002fb anomaly=mem_leak_vod component=wally178-instance-000002fb group=backend host=vod-video-2 index=0 injected=wally178-instance-000002fb layer=virtual node=wally178 target=wally178-instance-000002fb|mem_leak_vod vm=instance-000002fb,1.522163712e+10,1.7179869184e+10,1.7179869184e+10,62.69302412136775,38.67150924195897,4.6672530416698095,0,29.994601451652322,3.0509723413118175e+06,43.93560814844008,2.097152e+06,2.097152e+06,2.047976e+06,96.38081696269877,1.973856e+06,2.4084536891844403e+07,0,0,16993.353774306168,497251.2233366723,7434.466712938787,2.3587285231951825e+07,9558.88676611301
2019-11-05 21:52:10.392851063,RCA=wally178-instance-000002fb anomaly=mem_leak_vod component=wally178-instance-000002fb group=backend host=vod-video-2 index=0 injected=wally178-instance-000002fb layer=virtual node=wally178 target=wally178-instance-000002fb|mem_leak_vod vm=instance-000002fb,1.5222157312e+10,1.7179869184e+10,1.7179869184e+10,63.5736094358195,40.05732387309931,3.338110113270255,0,49.990513300291006,4.381891695394712e+06,44.91047285859625,2.097152e+06,2.097152e+06,2.047976e+06,96.38081696269877,1.973856e+06,2.605061348495066e+07,0,0,17352.500236259468,501239.77882445214,7556.589986067452,2.5549384785477884e+07,9795.91289714657
2019-11-05 21:52:10.892948754,RCA=wally178-instance-000002fb anomaly=mem_leak_vod component=wally178-instance-000002fb group=backend host=vod-video-2 index=0 injected=wally178-instance-000002fb layer=virtual node=wally178 target=wally178-instance-000002fb|mem_leak_vod vm=instance-000002fb,1.5222157312e+10,1.7179869184e+10,1.7179869184e+10,63.878144168264875,39.3843468012395,2.002593913168536,0,67.98732226804204,5.450757166273508e+06,45.453588133920505,2.097152e+06,2.097152e+06,2.047976e+06,96.38081696269877,1.973856e+06,2.4335209793904174e+07,0,0,17220.71818223507,503162.6856767307,7481.7217594159265,2.3832056454213426e+07,9739.002402776803
2019-11-05 21:52:11.393025629,RCA=wally178-instance-000002fb anomaly=mem_leak_vod component=wally178-instance-000002fb group=backend host=vod-video-2 index=0 injected=wally178-instance-000002fb layer=virtual node=wally178 target=wally178-instance-000002fb|mem_leak_vod vm=instance-000002fb,1.5222157312e+10,1.7179869184e+10,1.7179869184e+10,64.51091878622101,38.038936579404805,2.002048430553894,0,58.990207094710414,5.041336632574687e+06,46.09618617665445,2.097152e+06,2.097152e+06,2.047976e+06,96.38081696269877,1.973856e+06,2.5561105791144956e+07,0,0,17381.830895679992,514993.5101103939,7628.844857745962,2.504611886776599e+07,9752.989757782098
2019-11-05 21:52:11.893159378,RCA=wally178-instance-000002fb anomaly=mem_leak_vod component=wally178-instance-000002fb group=backend host=vod-video-2 index=0 injected=wally178-instance-000002fb layer=virtual node=wally178 target=wally178-instance-000002fb|mem_leak_vod vm=instance-000002fb,1.5222157312e+10,1.7179869184e+10,1.7179869184e+10,63.83131633079778,45.952584101810054,4.994845853527666,0,56.99036726016421,5.958671941674268e+06,44.79375160531474,2.097152e+06,2.097152e+06,2.047976e+06,96.38081696269877,1.973856e+06,2.4614100912469175e+07,0,0,17187.261643861366,508875.05912612926,7570.328776124195,2.4105180302898195e+07,9616.901441623344
2019-11-05 21:52:12.393246841,RCA=wally178-instance-000002fb anomaly=mem_leak_vod component=wally178-instance-000002fb group=backend host=vod-video-2 index=0 injected=wally178-instance-000002fb layer=virtual node=wally178 target=wally178-instance-000002fb|mem_leak_vod vm=instance-000002fb,1.5222157312e+10,1.7179869184e+10,1.7179869184e+10,64.02150245593828,43.34063487230276,5.334231874024049,0,71.98732224069286,6.904641004131786e+06,44.78656438738389,2.097152e+06,2.097152e+06,2.047976e+06,96.38081696269877,1.973856e+06,2.3280891754610818e+07,0,0,17106.18322744504,501200.41269719624,7401.779883202274,2.2779685356528483e+07,9704.397619569454
2019-11-05 21:52:12.893288222,RCA=wally178-instance-000002fb anomaly=mem_leak_vod component=wally178-instance-000002fb group=backend host=vod-video-2 index=0 injected=wally178-instance-000002fb layer=virtual node=wally178 target=wally178-instance-000002fb|mem_leak_vod vm=instance-000002fb,1.5222632448e+10,1.7179869184e+10,1.7179869184e+10,62.71318428435181,43.99552235571225,3.9995932093738613,0,69.98758924077512,6.151102818072901e+06,44.7138650725566,2.097152e+06,2.097152e+06,2.047976e+06,96.38081696269877,1.973856e+06,2.234103669965951e+07,0,0,16900.645703637234,493011.6453492726,7331.631949205246,2.184802194383904e+07,9569.01141191854
2019-11-05 21:52:13.393386664,RCA=wally178-instance-000002fb anomaly=mem_leak_vod component=wally178-instance-000002fb group=backend host=vod-video-2 index=0 injected=wally178-instance-000002fb layer=virtual node=wally178 target=wally178-instance-000002fb|mem_leak_vod vm=instance-000002fb,1.5222632448e+10,1.7179869184e+10,1.7179869184e+10,62.00649997108268,42.92328381576206,2.994647848573763,0,60.98855500974398,5.15999236211231e+06,44.99931376046516,2.097152e+06,2.097152e+06,2.047976e+06,96.38081696269877,1.973856e+06,2.250376067118599e+07,0,0,16919.557119237197,495804.5542263711,7374.376597666757,2.2007977196564972e+07,9545.197235859478
2019-11-05 21:52:13.893594969,RCA=wally178-instance-000002fb anomaly=mem_leak_vod component=wally178-instance-000002fb group=backend host=vod-video-2 index=0 injected=wally178-instance-000002fb layer=virtual node=wally178 target=wally178-instance-000002fb|mem_leak_vod vm=instance-000002fb,1.5222632448e+10,1.7179869184e+10,1.7179869184e+10,60.991289124594395,36.88003922688557,3.987031311486564,0,57.981710133392106,5.261701595844216e+06,44.51702790859733,2.097152e+06,2.097152e+06,2.047976e+06,96.38081696269877,1.973856e+06,2.1348544776578434e+07,0,0,16532.681256590444,477986.9631794381,7205.713448870023,2.087055303798498e+07,9326.965745226285
2019-11-05 21:52:14.393682565,RCA=wally178-instance-000002fb anomaly=mem_leak_vod component=wally178-instance-000002fb group=backend host=vod-video-2 index=0 injected=wally178-instance-000002fb layer=virtual node=wally178 target=wally178-instance-000002fb|mem_leak_vod vm=instance-000002fb,1.5222632448e+10,1.7179869184e+10,1.7179869184e+10,61.80104189665939,39.36287175713818,4.670171169339034,0,62.98161560342375,5.073461818570475e+06,44.65506310805812,2.097152e+06,2.097152e+06,2.047976e+06,96.38081696269877,1.973856e+06,2.1881343725536004e+07,0,0,16801.22183935054,490245.93794936064,7322.719631595956,2.1391096293757614e+07,9478.501988188185
2019-11-05 21:52:14.893787892,RCA=wally178-instance-000002fb anomaly=mem_leak_vod component=wally178-instance-000002fb group=backend host=vod-video-2 index=0 injected=wally178-instance-000002fb layer=virtual node=wally178 target=wally178-instance-000002fb|mem_leak_vod vm=instance-000002fb,1.5222632448e+10,1.7179869184e+10,1.7179869184e+10,61.27252459484811,40.70481690353442,5.338336532657362,0,59.9902806746765,5.024974537142297e+06,44.056000816205504,2.097152e+06,2.097152e+06,2.047976e+06,96.38081696269877,1.973856e+06,2.1862111591207344e+07,0,0,16827.053861021453,488064.6059406245,7292.568135744092,2.1374046901050076e+07,9534.486079107184
2019-11-05 21:52:15.393843534,RCA=wally178-instance-000002fb anomaly=mem_leak_vod component=wally178-instance-000002fb group=backend host=vod-video-2 index=0 injected=wally178-instance-000002fb layer=virtual node=wally178 target=wally178-instance-000002fb|mem_leak_vod vm=instance-000002fb,1.5222632448e+10,1.7179869184e+10,1.7179869184e+10,40.04835890926483,22.980282136597207,5.99485613168078,0,35.99405903657978,3.8127487723249625e+06,28.827687141370088,2.097152e+06,2.097152e+06,2.047976e+06,96.38081696269877,1.973856e+06,1.6632128838957788e+07,0,0,10892.024106184766,313010.8490705413,4719.611807938571,1.631911854729617e+07,6172.412302215755
2019-11-05 21:52:15.893949411,RCA=wally178-instance-000002fb anomaly=mem_leak_vod component=wally178-instance-000002fb group=backend host=vod-video-2 index=0 injected=wally178-instance-000002fb layer=virtual node=wally178 target=wally178-instance-000002fb|mem_leak_vod vm=instance-000002fb,1.5222632448e+10,1.7179869184e+10,1.7179869184e+10,45.6892620292565,23.982182749094935,4.9962884621492964,0,44.992953068711515,4.210028208589178e+06,36.61350761259995,2.097152e+06,2.097152e+06,2.047976e+06,96.38081696269877,1.973856e+06,2.165309665238307e+07,0,0,13209.317967810173,376004.70945212786,5562.238377035563,2.1277095253524873e+07,7647.080343228657
2019-11-05 21:52:16.394001344,RCA=wally178-instance-000002fb anomaly=mem_leak_vod component=wally178-instance-000002fb group=backend host=vod-video-2 index=0 injected=wally178-instance-000002fb layer=virtual node=wally178 target=wally178-instance-000002fb|mem_leak_vod vm=instance-000002fb,1.5222632448e+10,1.7179869184e+10,1.7179869184e+10,66.54403070169495,45.999690698079746,2.999979900134669,0,73.98787294369728,5.7129811001211e+06,36.71924414453385,2.097152e+06,2.097152e+06,2.047976e+06,96.38081696269877,1.973856e+06,2.1586423845872503e+07,0,0,14220.213737821145,406968.8275605512,6064.846067671839,2.117945604033565e+07,8155.367657173945
2019-11-05 21:52:16.894140636,RCA=wally178-instance-000002fb anomaly=mem_leak_vod component=wally178-instance-000002fb group=backend host=vod-video-2 index=0 injected=wally178-instance-000002fb layer=virtual node=wally178 target=wally178-instance-000002fb|mem_leak_vod vm=instance-000002fb,1.5223148544e+10,1.7179869184e+10,1.7179869184e+10,65.40893269116907,43.35247781643872,3.334806170487366,0,64.98783876074486,4.799613987423339e+06,46.83323813251098,2.097152e+06,2.097152e+06,2.047976e+06,96.38081696269877,1.973856e+06,2.4791195312438726e+07,0,0,18101.409153377615,523610.8407286037,7756.122691544448,2.4267582567144603e+07,10345.28523224569
2019-11-05 21:52:17.394295495,RCA=wally178-instance-000002fb anomaly=mem_leak_vod component=wally178-instance-000002fb group=backend host=vod-video-2 index=0 injected=wally178-instance-000002fb layer=virtual node=wally178 target=wally178-instance-000002fb|mem_leak_vod vm=instance-000002fb,1.5223148544e+10,1.7179869184e+10,1.7179869184e+10,59.93418727551332,32.959360613972564,3.9950739180511596,0,46.988704526285034,4.393951430439036e+06,40.83033603064807,2.097152e+06,2.097152e+06,2.047976e+06,96.38081696269877,1.973856e+06,2.1183594678849097e+07,0,0,15951.440533939553,465647.8415411881,6919.5242260173445,2.071794449449405e+07,9031.915496343416
2019-11-05 21:52:17.894392827,RCA=wally178-instance-000002fb anomaly=mem_leak_vod component=wally178-instance-000002fb group=backend host=vod-video-2 index=0 injected=wally178-instance-000002fb layer=virtual node=wally178 target=wally178-instance-000002fb|mem_leak_vod vm=instance-000002fb,1.5223148544e+10,1.7179869184e+10,1.7179869184e+10,58.578966961472354,31.8900093169054,4.982813488991936,0,54.98729436082852,4.930445870666553e+06,40.80125553384692,2.097152e+06,2.097152e+06,2.047976e+06,96.38081696269877,1.973856e+06,2.064271474376764e+07,0,0,15724.454563522257,452862.1372201183,6781.072394084957,2.0189858844406288e+07,8943.386672065742
2019-11-05 21:52:18.394397868,RCA=wally178-instance-000002fb anomaly=mem_leak_vod component=wally178-instance-000002fb group=backend host=vod-video-2 index=0 injected=wally178-instance-000002fb layer=virtual node=wally178 target=wally178-instance-000002fb|mem_leak_vod vm=instance-000002fb,1.5223148544e+10,1.7179869184e+10,1.7179869184e+10,60.51389624425325,36.997574476014925,4.999672031514077,0,59.99098311527385,4.881698017176325e+06,41.31880847749749,2.097152e+06,2.097152e+06,2.047976e+06,96.38081696269877,1.973856e+06,2.0881574080224182e+07,0,0,15983.169420277352,463308.81036001525,6921.46756533375,2.041826646452491e+07,9061.702565138323
2019-11-05 21:52:18.894477125,RCA=wally178-instance-000002fb anomaly=mem_leak_vod component=wally178-instance-000002fb group=backend host=vod-video-2 index=0 injected=wally178-instance-000002fb layer=virtual node=wally178 target=wally178-instance-000002fb|mem_leak_vod vm=instance-000002fb,1.5223148544e+10,1.7179869184e+10,1.7179869184e+10,59.46561448466958,38.63486998837018,4.662829322887233,0,42.9939032495497,3.571206417165109e+06,42.700253319519696,2.097152e+06,2.097152e+06,2.047976e+06,96.34038680140783,1.973028e+06,2.036042556957339e+07,0,0,15937.51644352884,464602.8536283274,6954.734633858915,1.989582054891854e+07,8982.78271825552
2019-11-05 21:52:19.394687403,RCA=wally178-instance-000002fb anomaly=mem_leak_vod component=wally178-instance-000002fb group=backend host=vod-video-2 index=0 injected=wally178-instance-000002fb layer=virtual node=wally178 target=wally178-instance-000002fb|mem_leak_vod vm=instance-000002fb,1.5223148544e+10,1.7179869184e+10,1.7179869184e+10,58.018367942850965,36.96226514958426,2.996940842665441,0,51.98608992596024,4.561724112861187e+06,40.9851801687028,2.097152e+06,2.097152e+06,2.047976e+06,96.34038680140783,1.973028e+06,2.0828692920455538e+07,0,0,15439.71391103791,437883.4670138485,6596.787411607712,2.0390809240208365e+07,8842.92670844404
2019-11-05 21:52:19.894767775,RCA=wally178-instance-000002fb anomaly=mem_leak_vod component=wally178-instance-000002fb group=backend host=vod-video-2 index=0 injected=wally178-instance-000002fb layer=virtual node=wally178 target=wally178-instance-000002fb|mem_leak_vod vm=instance-000002fb,1.5223148544e+10,1.7179869184e+10,1.7179869184e+10,58.797136385991486,32.97972772414497,2.9981569010340308,0,56.984847842928254,4.827898929174628e+06,41.306163625922096,2.097152e+06,2.097152e+06,2.047976e+06,96.34038680140783,1.973028e+06,2.0333889991639707e+07,0,0,15579.35515822668,445744.3728093971,6719.47252657087,1.9888143832450528e+07,8859.882875884594
2019-11-05 21:52:20.394875482,RCA=wally178-instance-000002fb anomaly=mem_leak_vod component=wally178-instance-000002fb group=backend host=vod-video-2 index=0 injected=wally178-instance-000002fb layer=virtual node=wally178 target=wally178-instance-000002fb|mem_leak_vod vm=instance-000002fb,1.5223209984e+10,1.7179869184e+10,1.7179869184e+10,60.35166315906358,38.954985605338734,4.994228434891903,0,50.991989515391055,4.1731675941227856e+06,42.96476871779233,2.097152e+06,2.097152e+06,2.047976e+06,96.34038680140783,1.973028e+06,1.993218397091782e+07,0,0,15975.12660592704,467350.91572559625,7001.986918992992,1.9464817354781e+07,8973.136777476919
2019-11-05 21:52:20.894871004,RCA=wally178-instance-000002fb anomaly=mem_leak_vod component=wally178-instance-000002fb group=backend host=vod-video-2 index=0 injected=wally178-instance-000002fb layer=virtual node=wally178 target=wally178-instance-000002fb|mem_leak_vod vm=instance-000002fb,1.5223209984e+10,1.7179869184e+10,1.7179869184e+10,61.605570847076876,37.94876673618508,4.993258461939299,0,49.993308945524035,4.541857562094593e+06,43.80044804951598,2.097152e+06,2.097152e+06,2.047976e+06,96.34038680140783,1.973028e+06,1.9695735384459913e+07,0,0,15913.290242552353,466945.3652569258,6946.0569928691675,1.922879110393583e+07,8967.23319087398
2019-11-05 21:52:21.394937071,RCA=wally178-instance-000002fb anomaly=mem_leak_vod component=wally178-instance-000002fb group=backend host=vod-video-2 index=0 injected=wally178-instance-000002fb layer=virtual node=wally178 target=wally178-instance-000002fb|mem_leak_vod vm=instance-000002fb,1.5223209984e+10,1.7179869184e+10,1.7179869184e+10,61.16749850328562,36.70413245881284,4.671435199203631,0,45.99566743810567,3.49765374104081e+06,42.918943926284975,2.097152e+06,2.097152e+06,2.047976e+06,96.34038680140783,1.973028e+06,2.0053722645004865e+07,0,0,16005.347555813038,473189.22278404236,7037.699774325713,1.958053902156658e+07,8967.649525109971
2019-11-05 21:52:21.895019693,RCA=wally178-instance-000002fb anomaly=mem_leak_vod component=wally178-instance-000002fb group=backend host=vod-video-2 index=0 injected=wally178-instance-000002fb layer=virtual node=wally178 target=wally178-instance-000002fb|mem_leak_vod vm=instance-000002fb,1.5223209984e+10,1.7179869184e+10,1.7179869184e+10,61.03419656689392,34.013993016587094,4.001646037080893,0,59.99277650975157,4.783550414988693e+06,43.34419772987111,2.097152e+06,2.097152e+06,2.047976e+06,96.34038680140783,1.973028e+06,2.0447063357532915e+07,0,0,16173.011757030697,479331.7117125761,7130.755282044238,1.99677427284479e+07,9042.258418062602
2019-11-05 21:52:22.39512427,RCA=wally178-instance-000002fb anomaly=mem_leak_vod component=wally178-instance-000002fb group=backend host=vod-video-2 index=0 injected=wally178-instance-000002fb layer=virtual node=wally178 target=wally178-instance-000002fb|mem_leak_vod vm=instance-000002fb,1.5223209984e+10,1.7179869184e+10,1.7179869184e+10,57.848912684633355,35.984770453479136,3.998307656309852,0,59.98936310605958,5.52862064908098e+06,41.4077777821204,2.097152e+06,2.097152e+06,2.047976e+06,96.34038680140783,1.973028e+06,2.0467626518570684e+07,0,0,15705.246375059647,466546.1068927284,6902.552690884014,2.0001080191911194e+07,8802.692852724276
2019-11-05 21:52:22.895216843,RCA=wally178-instance-000002fb anomaly=mem_leak_vod component=wally178-instance-000002fb group=backend host=vod-video-2 index=0 injected=wally178-instance-000002fb layer=virtual node=wally178 target=wally178-instance-000002fb|mem_leak_vod vm=instance-000002fb,1.5223209984e+10,1.7179869184e+10,1.7179869184e+10,60.13856060017587,36.643635311284456,3.3312395116090543,0,46.98989200433095,4.1278810669624284e+06,42.815486148656525,2.097152e+06,2.097152e+06,2.047976e+06,96.34038680140783,1.973028e+06,2.0926079815204557e+07,0,0,15768.09777447415,465145.437678492,6916.653710388148,2.046093615335425e+07,8851.44440128158
2019-11-05 21:52:23.395300827,RCA=wally178-instance-000002fb anomaly=mem_leak_vod component=wally178-instance-000002fb group=backend host=vod-video-2 index=0 injected=wally178-instance-000002fb layer=virtual node=wally178 target=wally178-instance-000002fb|mem_leak_vod vm=instance-000002fb,1.5223349248e+10,1.7179869184e+10,1.7179869184e+10,60.35327652568986,35.56042603078499,5.367611771660263,0,57.988242477919904,5.880664112878266e+06,43.331115935693845,2.097152e+06,2.097152e+06,2.047976e+06,96.34038680140783,1.973028e+06,2.0679924838134903e+07,0,0,15911.812560673543,470545.33303369296,7032.475275581722,2.0209372786740687e+07,8879.333642920583
2019-11-05 21:52:23.895401282,RCA=wally178-instance-000002fb anomaly=mem_leak_vod component=wally178-instance-000002fb group=backend host=vod-video-2 index=0 injected=wally178-instance-000002fb layer=virtual node=wally178 target=wally178-instance-000002fb|mem_leak_vod vm=instance-000002fb,1.5223349248e+10,1.7179869184e+10,1.7179869184e+10,62.18121942716726,33.96017171437441,6.991800219464818,0,64.98944149038826,6.622152906939508e+06,45.353567343632314,2.097152e+06,2.097152e+06,2.047976e+06,96.34038680140783,1.973028e+06,2.048822458586644e+07,0,0,16420.824451156324,486342.291619783,7338.183059053938,2.000188633348724e+07,9082.642418514088
2019-11-05 21:52:24.395501301,RCA=wally178-instance-000002fb anomaly=mem_leak_vod component=wally178-instance-000002fb group=backend host=vod-video-2 index=0 injected=wally178-instance-000002fb layer=virtual node=wally178 target=wally178-instance-000002fb|mem_leak_vod vm=instance-000002fb,1.5223349248e+10,1.7179869184e+10,1.7179869184e+10,64.26554011368485,35.595019481198655,5.932503282061038,0,53.991644738985,5.512362576025979e+06,45.8153193639503,2.097152e+06,2.097152e+06,2.047976e+06,96.34038680140783,1.973028e+06,2.2944534256473184e+07,0,0,16589.355328068898,501797.228704722,7521.853084802943,2.2442745094837237e+07,9067.508214927604
2019-11-05 21:52:24.895557789,RCA=wally178-instance-000002fb anomaly=mem_leak_vod component=wally178-instance-000002fb group=backend host=vod-video-2 index=0 injected=wally178-instance-000002fb layer=virtual node=wally178 target=wally178-instance-000002fb|mem_leak_vod vm=instance-000002fb,1.5223349248e+10,1.7179869184e+10,1.7179869184e+10,63.32304028069292,36.99936912375707,7.999863170340335,0,58.99057678627358,6.0693056330185e+06,44.935617370821525,2.097152e+06,2.097152e+06,2.047976e+06,96.34038680140783,1.973028e+06,2.210736287158689e+07,0,0,16227.089154647761,493897.05496959266,7404.699378992346,2.161344642595513e+07,8822.38537612574
2019-11-05 21:52:25.39569274,RCA=wally178-instance-000002fb anomaly=mem_leak_vod component=wally178-instance-000002fb group=backend host=vod-video-2 index=0 injected=wally178-instance-000002fb layer=virtual node=wally178 target=wally178-instance-000002fb|mem_leak_vod vm=instance-000002fb,1.5223349248e+10,1.7179869184e+10,1.7179869184e+10,61.392550548354585,36.7053783365128,6.6737048358710345,0,62.98802773959147,6.273880119624274e+06,43.30760105391299,2.097152e+06,2.097152e+06,2.047976e+06,96.34038680140783,1.973028e+06,2.104831717141125e+07,0,0,15884.82709350038,480127.74577670405,7178.546795072066,2.0568186802896243e+07,8706.279762572576
2019-11-05 21:52:25.895718695,RCA=wally178-instance-000002fb anomaly=mem_leak_vod component=wally178-instance-000002fb group=backend host=vod-video-2 index=0 injected=wally178-instance-000002fb layer=virtual node=wally178 target=wally178-instance-000002fb|mem_leak_vod vm=instance-000002fb,1.5223349248e+10,1.7179869184e+10,1.7179869184e+10,58.41944284273733,35.364361765007295,4.670764705317661,0,52.99024004562743,5.4794391201897515e+06,41.41515927905872,2.097152e+06,2.097152e+06,2.047976e+06,96.34038680140783,1.973028e+06,1.7808201569884002e+07,0,0,15304.836714021143,457347.92671675276,6868.118586802646,1.735085190851328e+07,8436.716978241957
2019-11-05 21:52:26.395847074,RCA=wally178-instance-000002fb anomaly=mem_leak_vod component=wally178-instance-000002fb group=backend host=vod-video-2 index=0 injected=wally178-instance-000002fb layer=virtual node=wally178 target=wally178-instance-000002fb|mem_leak_vod vm=instance-000002fb,1.5223447552e+10,1.7179869184e+10,1.7179869184e+10,58.90421299735438,34.95973404256472,2.9965487818749024,0,62.989148985282604,5.860366803813815e+06,42.02212952576234,2.097152e+06,2.097152e+06,2.047976e+06,96.34038680140783,1.973028e+06,1.8772225564170208e+07,0,0,15503.844378793077,465772.9485401194,6962.248601016148,1.830646101469523e+07,8541.59931282703
2019-11-05 21:52:26.895897631,RCA=wally178-instance-000002fb anomaly=mem_leak_vod component=wally178-instance-000002fb group=backend host=vod-video-2 index=0 injected=wally178-instance-000002fb layer=virtual node=wally178 target=wally178-instance-000002fb|mem_leak_vod vm=instance-000002fb,1.5223447552e+10,1.7179869184e+10,1.7179869184e+10,57.9512082239556,37.30252520263683,2.664466213691468,0,61.989537839730176,5.987340091625794e+06,41.705558009751115,2.097152e+06,2.097152e+06,2.047976e+06,96.34038680140783,1.973028e+06,1.857376527440869e+07,0,0,15435.70592537247,474180.82998931565,7058.629284769224,1.809958929014109e+07,8377.077620137661
2019-11-05 21:52:27.396030273,RCA=wally178-instance-000002fb anomaly=mem_leak_vod component=wally178-instance-000002fb group=backend host=vod-video-2 index=0 injected=wally178-instance-000002fb layer=virtual node=wally178 target=wally178-instance-000002fb|mem_leak_vod vm=instance-000002fb,1.5223447552e+10,1.7179869184e+10,1.7179869184e+10,58.05058414355031,38.780403514578374,2.674510776766997,0,49.9911693598796,5.086332990643904e+06,42.01802654573664,2.097152e+06,2.097152e+06,2.047976e+06,96.34038680140783,1.973028e+06,1.702280640757736e+07,0,0,15040.20634555421,466777.10630119545,6943.401665407723,1.6556024691199565e+07,8096.8035967286905
2019-11-05 21:52:27.896095386,RCA=wally178-instance-000002fb anomaly=mem_leak_vod component=wally178-instance-000002fb group=backend host=vod-video-2 index=0 injected=wally178-instance-000002fb layer=virtual node=wally178 target=wally178-instance-000002fb|mem_leak_vod vm=instance-000002fb,1.5223447552e+10,1.7179869184e+10,1.7179869184e+10,57.40474048120191,32.952958695825906,2.995723446007482,0,47.98978868477386,4.62340215120216e+06,41.21228587111612,2.097152e+06,2.097152e+06,2.047976e+06,96.34038680140783,1.973028e+06,1.6298502482426312e+07,0,0,14823.3975598542,450962.8194971899,6755.813861492897,1.5847537839557081e+07,8067.583243639002
2019-11-05 21:52:28.396216877,RCA=wally178-instance-000002fb anomaly=mem_leak_vod component=wally178-instance-000002fb group=backend host=vod-video-2 index=0 injected=wally178-instance-000002fb layer=virtual node=wally178 target=wally178-instance-000002fb|mem_leak_vod vm=instance-000002fb,1.5223447552e+10,1.7179869184e+10,1.7179869184e+10,55.298615250878804,32.875997621774246,2.988726806415248,0,38.99229913789716,3.6488163731372575e+06,39.88777852725806,2.097152e+06,2.097152e+06,2.047976e+06,96.34038680140783,1.973028e+06,1.5743757813428987e+07,0,0,14351.468250665912,430808.13103275566,6504.09943013606,1.5312958573532533e+07,7847.371351619045
2019-11-05 21:52:28.896269458,RCA=wally178-instance-000002fb anomaly=mem_leak_vod component=wally178-instance-000002fb group=backend host=vod-video-2 index=0 injected=wally178-instance-000002fb layer=virtual node=wally178 target=wally178-instance-000002fb|mem_leak_vod vm=instance-000002fb,1.5223447552e+10,1.7179869184e+10,1.7179869184e+10,56.4000144999611,37.34632044157425,4.668289722076272,0,35.99404892392116,3.481024043685828e+06,39.97774867825584,2.097152e+06,2.097152e+06,2.047976e+06,96.47144302472294,1.975712e+06,1.8669428743133098e+07,0,0,14652.598023054374,451868.0361723343,6752.014301853496,1.821756412255145e+07,7900.583781372527
2019-11-05 21:52:29.396345896,RCA=wally178-instance-000002fb anomaly=mem_leak_vod component=wally178-instance-000002fb group=backend host=vod-video-2 index=0 injected=wally178-instance-000002fb layer=virtual node=wally178 target=wally178-instance-000002fb|mem_leak_vod vm=instance-000002fb,1.522354176e+10,1.7179869184e+10,1.7179869184e+10,56.37445701827918,37.3902296719228,4.673778718352153,0,39.993708589701754,4.336980687007858e+06,40.134783063326765,2.097152e+06,2.097152e+06,2.047976e+06,96.47144302472294,1.975712e+06,1.8814288420596533e+07,0,0,14656.445090009778,459574.9671874732,6833.42518440573,1.8354713746797066e+07,7823.020369915081
2019-11-05 21:52:29.896479733,RCA=wally178-instance-000002fb anomaly=mem_leak_vod component=wally178-instance-000002fb group=backend host=vod-video-2 index=0 injected=wally178-instance-000002fb layer=virtual node=wally178 target=wally178-instance-000002fb|mem_leak_vod vm=instance-000002fb,1.522354176e+10,1.7179869184e+10,1.7179869184e+10,56.30567100298413,33.8154936716064,4.9728669587608705,0,36.99372342292173,3.812728888402145e+06,40.89696019059372,2.097152e+06,2.097152e+06,2.047976e+06,96.47144302472294,1.975712e+06,1.6480022561474863e+07,0,0,14722.068503843311,451282.9584993071,6763.146577363657,1.6028740750347892e+07,7958.92462517282
2019-11-05 21:52:30.396519585,RCA=wally178-instance-000002fb anomaly=mem_leak_vod component=wally178-instance-000002fb group=backend host=vod-video-2 index=0 injected=wally178-instance-000002fb layer=virtual node=wally178 target=wally178-instance-000002fb|mem_leak_vod vm=instance-000002fb,1.522354176e+10,1.7179869184e+10,1.7179869184e+10,56.61404833774108,35.481412643573776,4.016763757347416,0,30.994538638313777,3.1902235415282245e+06,41.33701778440249,2.097152e+06,2.097152e+06,2.047976e+06,96.47144302472294,1.975712e+06,1.7749602968351454e+07,0,0,14985.716172256334,458761.5432435786,6825.661987561431,1.729084234537144e+07,8160.054478344139
2019-11-05 21:52:30.896614749,RCA=wally178-instance-000002fb anomaly=mem_leak_vod component=wally178-instance-000002fb group=backend host=vod-video-2 index=0 injected=wally178-instance-000002fb layer=virtual node=wally178 target=wally178-instance-000002fb|mem_leak_vod vm=instance-000002fb,1.522354176e+10,1.7179869184e+10,1.7179869184e+10,56.947497500011856,40.99906218745152,1.9999542390470564,0,30.994586950362056,3.4154680793759143e+06,40.99675318013839,2.097152e+06,2.097152e+06,2.047976e+06,96.47144302472294,1.975712e+06,1.7514058998156626e+07,0,0,15160.659613016694,462735.9966669163,6917.870459266066,1.7051313385062233e+07,8242.781175373
2019-11-05 21:52:31.396702067,RCA=wally178-instance-000002fb anomaly=mem_leak_vod component=wally178-instance-000002fb group=backend host=vod-video-2 index=0 injected=wally178-instance-000002fb layer=virtual node=wally178 target=wally178-instance-000002fb|mem_leak_vod vm=instance-000002fb,1.522354176e+10,1.7179869184e+10,1.7179869184e+10,57.444269557406336,37.481830818135954,2.9590919271261353,0,25.99540746934861,3.2639328999691554e+06,40.66196762951931,2.097152e+06,2.097152e+06,2.047976e+06,96.47144302472294,1.975712e+06,1.783194508429552e+07,0,0,15623.072425010985,476884.5161081704,7150.294496030335,1.7355044163284604e+07,8472.76583197895
2019-11-05 21:52:31.896790935,RCA=wally178-instance-000002fb anomaly=mem_leak_vod component=wally178-instance-000002fb group=backend host=vod-video-2 index=0 injected=wally178-instance-000002fb layer=virtual node=wally178 target=wally178-instance-000002fb|mem_leak_vod vm=instance-000002fb,1.522354176e+10,1.7179869184e+10,1.7179869184e+10,58.60993816133316,31.850400357591614,4.976624689325122,0,23.995960424038376,3.055100057757346e+06,41.905313435700755,2.097152e+06,2.097152e+06,2.047976e+06,96.47144302472294,1.975712e+06,1.8269993230052687e+07,0,0,15732.694978678654,482540.02930086886,7184.812167343993,1.778746842387766e+07,8547.89548333962
2019-11-05 21:52:32.39695937,RCA=wally178-instance-000002fb anomaly=mem_leak_vod component=wally178-instance-000002fb group=backend host=vod-video-2 index=0 injected=wally178-instance-000002fb layer=virtual node=wally178 target=wally178-instance-000002fb|mem_leak_vod vm=instance-000002fb,1.522354176e+10,1.7179869184e+10,1.7179869184e+10,58.841661986273174,34.66863392674263,4.00022687153361,0,21.99528047266898,2.375171114838304e+06,42.042935927886994,2.097152e+06,2.097152e+06,2.047976e+06,96.47144302472294,1.975712e+06,1.8660898789065916e+07,0,0,15719.9044045029,478917.14076124574,7164.019029794348,1.8181990578356933e+07,8555.89304852115
2019-11-05 21:52:32.897009324,RCA=wally178-instance-000002fb anomaly=mem_leak_vod component=wally178-instance-000002fb group=backend host=vod-video-2 index=0 injected=wally178-instance-000002fb layer=virtual node=wally178 target=wally178-instance-000002fb|mem_leak_vod vm=instance-000002fb,1.522354176e+10,1.7179869184e+10,1.7179869184e+10,58.81381250733031,39.32781425141109,5.332585072106129,0,17.99648077018891,1.9411250147521198e+06,40.99066863824718,2.097152e+06,2.097152e+06,2.047976e+06,96.47144302472294,1.975712e+06,1.8127528337687816e+07,0,0,15710.082927014291,478347.5148973151,7154.5485736709925,1.7649189711439583e+07,8555.542492378576
2019-11-05 21:52:33.397064003,RCA=wally178-instance-000002fb anomaly=mem_leak_vod component=wally178-instance-000002fb group=backend host=vod-video-2 index=0 injected=wally178-instance-000002fb layer=virtual node=wally178 target=wally178-instance-000002fb|mem_leak_vod vm=instance-000002fb,1.522354176e+10,1.7179869184e+10,1.7179869184e+10,58.684752668254205,40.941931853342744,4.992919540799193,0,14.997870857259493,1.851129942938498e+06,40.996017359901536,2.097152e+06,2.097152e+06,2.047976e+06,96.47144302472294,1.975712e+06,1.8527118187346198e+07,0,0,15752.488124342248,481642.00166834984,7203.8526289540105,1.8045474499052566e+07,8548.63418730639
2019-11-05 21:52:33.897189957,RCA=wally178-instance-000002fb anomaly=mem_leak_vod component=wally178-instance-000002fb group=backend host=vod-video-2 index=0 injected=wally178-instance-000002fb layer=virtual node=wally178 target=wally178-instance-000002fb|mem_leak_vod vm=instance-000002fb,1.522354176e+10,1.7179869184e+10,1.7179869184e+10,58.65186468591113,40.617237654693575,3.9951381086883555,0,18.996791783809964,2.014891046181838e+06,41.28026284949035,2.097152e+06,2.097152e+06,2.047976e+06,96.47144302472294,1.975712e+06,1.7857338036521364e+07,0,0,15850.266451415997,486583.9785701416,7242.71357623415,1.7370755902444772e+07,8607.55340641347
2019-11-05 21:52:34.397282292,RCA=wally178-instance-000002fb anomaly=mem_leak_vod component=wally178-instance-000002fb group=backend host=vod-video-2 index=0 injected=wally178-instance-000002fb layer=virtual node=wally178 target=wally178-instance-000002fb|mem_leak_vod vm=instance-000002fb,1.522354176e+10,1.7179869184e+10,1.7179869184e+10,60.13144843949364,38.95974204143426,3.99587021618526,0,21.996112758968785,2.5104018313033264e+06,41.79497479294817,2.097152e+06,2.097152e+06,2.047976e+06,96.47144302472294,1.975712e+06,1.9127827092699878e+07,0,0,16252.28324189597,494469.26531531813,7361.26962308742,1.8633351973361608e+07,8891.012334633002
2019-11-05 21:52:34.897370365,RCA=wally178-instance-000002fb anomaly=mem_leak_vod component=wally178-instance-000002fb group=backend host=vod-video-2 index=0 injected=wally178-instance-000002fb layer=virtual node=wally178 target=wally178-instance-000002fb|mem_leak_vod vm=instance-000002fb,1.5223656448e+10,1.7179869184e+10,1.7179869184e+10,61.48189116494302,39.99289610185832,2.999467135664948,0,22.995696263461507,2.579997434699816e+06,42.68686224806485,2.097152e+06,2.097152e+06,2.047976e+06,96.47144302472294,1.975712e+06,1.884844620671591e+07,0,0,16269.432128213328,494648.6888677339,7361.5384592035825,1.8353800667640515e+07,8907.895155935246
2019-11-05 21:52:35.397514673,RCA=wally178-instance-000002fb anomaly=mem_leak_vod component=wally178-instance-000002fb group=backend host=vod-video-2 index=0 injected=wally178-instance-000002fb layer=virtual node=wally178 target=wally178-instance-000002fb|mem_leak_vod vm=instance-000002fb,1.5223656448e+10,1.7179869184e+10,1.7179869184e+10,52.96739015441818,34.879509293218725,2.9896722340711737,0,22.99383953649906,2.592074640770191e+06,39.36418062735458,2.097152e+06,2.097152e+06,2.047976e+06,96.47144302472294,1.975712e+06,1.8679719356643982e+07,0,0,15029.830578092562,452968.42157410644,6750.505984482364,1.8226748544769548e+07,8279.324463508949
2019-11-05 21:52:35.897641705,RCA=wally178-instance-000002fb anomaly=mem_leak_vod component=wally178-instance-000002fb group=backend host=vod-video-2 index=0 injected=wally178-instance-000002fb layer=virtual node=wally178 target=wally178-instance-000002fb|mem_leak_vod vm=instance-000002fb,1.5223656448e+10,1.7179869184e+10,1.7179869184e+10,48.59164043336415,33.362911066445704,2.6690328283257654,0,18.994825068853068,2.0433474146410732e+06,29.835660319746204,2.097152e+06,2.097152e+06,2.047976e+06,96.47144302472294,1.975712e+06,1.5233949041390257e+07,0,0,11814.029294756549,353721.60141296394,5261.098964607345,1.4880228563545045e+07,6552.932471696699
2019-11-05 21:52:36.397756571,RCA=wally178-instance-000002fb anomaly=mem_leak_vod component=wally178-instance-000002fb group=backend host=vod-video-2 index=0 injected=wally178-instance-000002fb layer=virtual node=wally178 target=wally178-instance-000002fb|mem_leak_vod vm=instance-000002fb,1.5223656448e+10,1.7179869184e+10,1.7179869184e+10,47.99876678107645,30.657718271419128,5.331777357192665,0,48.98887379395053,3.615946109913001e+06,34.99782684493989,2.097152e+06,2.097152e+06,2.047976e+06,96.47144302472294,1.975712e+06,1.8976439423558384e+07,0,0,13937.654898516228,416615.1804346677,6176.317277133609,1.8559820139469348e+07,7761.336543399228
2019-11-05 21:52:36.897805584,RCA=wally178-instance-000002fb anomaly=mem_leak_vod component=wally178-instance-000002fb group=backend host=vod-video-2 index=0 injected=wally178-instance-000002fb layer=virtual node=wally178 target=wally178-instance-000002fb|mem_leak_vod vm=instance-000002fb,1.5223656448e+10,1.7179869184e+10,1.7179869184e+10,52.30403086598694,34.11160183615609,6.019694514148048,0,60.987764268805805,4.893740517835355e+06,35.94526915805564,2.097152e+06,2.097152e+06,2.047976e+06,96.47144302472294,1.975712e+06,2.184192314847267e+07,0,0,16965.875878518127,506651.49734050815,7551.031638844517,2.1335272586039566e+07,9414.840607062817
2019-11-05 21:52:37.397902571,RCA=wally178-instance-000002fb anomaly=mem_leak_vod component=wally178-instance-000002fb group=backend host=vod-video-2 index=0 injected=wally178-instance-000002fb layer=virtual node=wally178 target=wally178-instance-000002fb|mem_leak_vod vm=instance-000002fb,1.5223656448e+10,1.7179869184e+10,1.7179869184e+10,59.09924981362869,39.30900349732671,7.328797408698737,0,35.994029922215006,3.5834076734618e+06,40.9848709676856,2.097152e+06,2.097152e+06,2.047976e+06,96.47144302472294,1.975712e+06,1.8426837499157455e+07,0,0,15881.140451268913,474253.8016322235,7152.537090828159,1.7952588954229657e+07,8728.604709617985
2019-11-05 21:52:37.898037141,RCA=wally178-instance-000002fb anomaly=mem_leak_vod component=wally178-instance-000002fb group=backend host=vod-video-2 index=0 injected=wally178-instance-000002fb layer=virtual node=wally178 target=wally178-instance-000002fb|mem_leak_vod vm=instance-000002fb,1.5223656448e+10,1.7179869184e+10,1.7179869184e+10,58.795749562162825,42.9815405888187,3.9982827855230116,0,30.994499127289387,3.2270738680610596e+06,41.35401317956535,2.097152e+06,2.097152e+06,2.047976e+06,96.47144302472294,1.975712e+06,1.8396127883748047e+07,0,0,15864.257254267937,473475.1255119948,7142.5807057567345,1.7922657737939484e+07,8721.674083884132
2019-11-05 21:52:38.398069927,RCA=wally178-instance-000002fb anomaly=mem_leak_vod component=wally178-instance-000002fb group=backend host=vod-video-2 index=0 injected=wally178-instance-000002fb layer=virtual node=wally178 target=wally178-instance-000002fb|mem_leak_vod vm=instance-000002fb,1.5223656448e+10,1.7179869184e+10,1.7179869184e+10,58.47424905748496,38.98395030765834,2.998765675061722,0,39.99284867876351,3.5178334107719525e+06,42.0828082495466,2.097152e+06,2.097152e+06,2.047976e+06,96.47144302472294,1.975712e+06,1.919144487591099e+07,0,0,15969.799066702164,479438.8571035215,7202.5509815403675,1.871200282158731e+07,8767.24833962874
2019-11-05 21:52:38.898234863,RCA=wally178-instance-000002fb anomaly=mem_leak_vod component=wally178-instance-000002fb group=backend host=vod-video-2 index=0 injected=wally178-instance-000002fb layer=virtual node=wally178 target=wally178-instance-000002fb|mem_leak_vod vm=instance-000002fb,1.5223791616e+10,1.7179869184e+10,1.7179869184e+10,59.19053989906695,35.89877067202663,3.9887524758809865,0,44.991516939464105,3.349895392354526e+06,40.8215125492095,2.097152e+06,2.097152e+06,2.047976e+06,95.83999031238648,1.96278e+06,1.823578455455574e+07,0,0,15769.682016333578,479800.0197558515,7142.094411321165,1.7755964665534265e+07,8627.591508946565
2019-11-05 21:52:39.398229236,RCA=wally178-instance-000002fb anomaly=mem_leak_vod component=wally178-instance-000002fb group=backend host=vod-video-2 index=0 injected=wally178-instance-000002fb layer=virtual node=wally178 target=wally178-instance-000002fb|mem_leak_vod vm=instance-000002fb,1.5223791616e+10,1.7179869184e+10,1.7179869184e+10,58.57058298744106,35.32919915755352,4.666120755424259,0,38.99366832511837,3.0182618885980053e+06,40.98388407120222,2.097152e+06,2.097152e+06,2.047976e+06,95.83999031238648,1.96278e+06,1.7382241645848583e+07,0,0,15561.385683177385,469162.43758815684,7030.722434109024,1.691308057814247e+07,8530.663038809967
2019-11-05 21:52:39.898326533,RCA=wally178-instance-000002fb anomaly=mem_leak_vod component=wally178-instance-000002fb group=backend host=vod-video-2 index=0 injected=wally178-instance-000002fb layer=virtual node=wally178 target=wally178-instance-000002fb|mem_leak_vod vm=instance-000002fb,1.5223791616e+10,1.7179869184e+10,1.7179869184e+10,58.052511243737925,36.00739647134863,4.667625403147974,0,30.995458111541083,2.842209398388429e+06,40.658524932577336,2.097152e+06,2.097152e+06,2.047976e+06,95.83999031238648,1.96278e+06,1.728260298119688e+07,0,0,15550.416471675308,468933.9789538348,7044.490545447296,1.6813670668633975e+07,8505.925617945963
2019-11-05 21:52:40.398433759,RCA=wally178-instance-000002fb anomaly=mem_leak_vod component=wally178-instance-000002fb group=backend host=vod-video-2 index=0 injected=wally178-instance-000002fb layer=virtual node=wally178 target=wally178-instance-000002fb|mem_leak_vod vm=instance-000002fb,1.5223791616e+10,1.7179869184e+10,1.7179869184e+10,57.279773620033794,38.121134275383426,4.012750860957266,0,29.993958047084952,2.850242716431231e+06,40.93818428331044,2.097152e+06,2.097152e+06,2.047976e+06,95.83999031238648,1.96278e+06,1.734962251940052e+07,0,0,15537.636001935813,469358.8742515909,7050.860805226283,1.688023647532984e+07,8486.77494497699
2019-11-05 21:52:40.898529083,RCA=wally178-instance-000002fb anomaly=mem_leak_vod component=wally178-instance-000002fb group=backend host=vod-video-2 index=0 injected=wally178-instance-000002fb layer=virtual node=wally178 target=wally178-instance-000002fb|mem_leak_vod vm=instance-000002fb,1.5223791616e+10,1.7179869184e+10,1.7179869184e+10,57.164442674602576,40.66623427615302,3.9999573657877567,0,40.99170061533491,4.0460284324346976e+06,40.81959563365848,2.097152e+06,2.097152e+06,2.047976e+06,95.83999031238648,1.96278e+06,1.781516173076351e+07,0,0,15383.352406543665,473550.6260557022,6997.491834967559,1.734160572807768e+07,8385.85817622782
2019-11-05 21:52:41.398638573,RCA=wally178-instance-000002fb anomaly=mem_leak_vod component=wally178-instance-000002fb group=backend host=vod-video-2 index=0 injected=wally178-instance-000002fb layer=virtual node=wally178 target=wally178-instance-000002fb|mem_leak_vod vm=instance-000002fb,1.5223791616e+10,1.7179869184e+10,1.7179869184e+10,57.200677653914035,39.83647453860992,4.979559307407835,0,36.992952472624445,4.0829349358230145e+06,40.77760388251483,2.097152e+06,2.097152e+06,2.047976e+06,95.83999031238648,1.96278e+06,1.9044580791580163e+07,0,0,15310.685802966314,470700.3871588292,6999.36982695084,1.8573940243816927e+07,8311.316351953341
2019-11-05 21:52:41.89871414,RCA=wally178-instance-000002fb anomaly=mem_leak_vod component=wally178-instance-000002fb group=backend host=vod-video-2 index=0 injected=wally178-instance-000002fb layer=virtual node=wally178 target=wally178-instance-000002fb|mem_leak_vod vm=instance-000002fb,1.5223791616e+10,1.7179869184e+10,1.7179869184e+10,55.96710255656787,39.28499058579813,4.660931188865083,0,20.996059018726125,2.6250417781343474e+06,39.272582601488814,2.097152e+06,2.097152e+06,2.047976e+06,95.83999031238648,1.96278e+06,1.7993214930831883e+07,0,0,15048.813859431588,459154.2055963481,6860.957876466077,1.753410077892885e+07,8187.857201496481
2019-11-05 21:52:42.398822933,RCA=wally178-instance-000002fb anomaly=mem_leak_vod component=wally178-instance-000002fb group=backend host=vod-video-2 index=0 injected=wally178-instance-000002fb layer=virtual node=wally178 target=wally178-instance-000002fb|mem_leak_vod vm=instance-000002fb,1.5223791616e+10,1.7179869184e+10,1.7179869184e+10,49.97724803222942,32.69047306780532,3.33576254013562,0,15.99665858596125,2.0967133046752627e+06,36.06097889895226,2.097152e+06,2.097152e+06,2.047976e+06,95.83999031238648,1.96278e+06,1.5746445476864545e+07,0,0,13354.886709734987,409093.72017927,6087.775841259393,1.5337354765126303e+07,7267.111927790641
2019-11-05 21:52:42.898949192,RCA=wally178-instance-000002fb anomaly=mem_leak_vod component=wally178-instance-000002fb group=backend host=vod-video-2 index=0 injected=wally178-instance-000002fb layer=virtual node=wally178 target=wally178-instance-000002fb|mem_leak_vod vm=instance-000002fb,1.5223898112e+10,1.7179869184e+10,1.7179869184e+10,44.07431557269293,25.374700625108552,2.6710212450672657,0,33.99181368352697,3.5339988189577917e+06,28.967130273100857,2.097152e+06,2.097152e+06,2.047976e+06,95.83999031238648,1.96278e+06,1.751617824048669e+07,0,0,11955.865586070751,353502.80016384466,5170.185776344171,1.7162681964124657e+07,6785.682651593654
2019-11-05 21:52:43.399042668,RCA=wally178-instance-000002fb anomaly=mem_leak_vod component=wally178-instance-000002fb group=backend host=vod-video-2 index=0 injected=wally178-instance-000002fb layer=virtual node=wally178 target=wally178-instance-000002fb|mem_leak_vod vm=instance-000002fb,1.5223898112e+10,1.7179869184e+10,1.7179869184e+10,49.815901122248306,21.989086354671365,2.9985120423721896,0,46.99049471573841,4.598878341342176e+06,33.38972700179228,2.097152e+06,2.097152e+06,2.047976e+06,95.83999031238648,1.96278e+06,1.809077830399452e+07,0,0,13394.448888994828,396687.6719488975,5876.036996984067,1.7694091079924088e+07,7518.411503437355
2019-11-05 21:52:43.89929434,RCA=wally178-instance-000002fb anomaly=mem_leak_vod component=wally178-instance-000002fb group=backend host=vod-video-2 index=0 injected=wally178-instance-000002fb layer=virtual node=wally178 target=wally178-instance-000002fb|mem_leak_vod vm=instance-000002fb,1.5223898112e+10,1.7179869184e+10,1.7179869184e+10,59.7546813873331,35.83215666005219,4.976688142658589,0,35.98947826009379,3.734457449193929e+06,41.78150063416559,2.097152e+06,2.097152e+06,2.047976e+06,95.83999031238648,1.96278e+06,1.8697192566518582e+07,0,0,15988.166292172002,479288.58694281307,7181.285102755444,1.8217897435152676e+07,8806.876872950801
2019-11-05 21:52:44.399373311,RCA=wally178-instance-000002fb anomaly=mem_leak_vod component=wally178-instance-000002fb group=backend host=vod-video-2 index=0 injected=wally178-instance-000002fb layer=virtual node=wally178 target=wally178-instance-000002fb|mem_leak_vod vm=instance-000002fb,1.5223898112e+10,1.7179869184e+10,1.7179869184e+10,58.970685771336285,36.956107379090284,5.99288187065778,0,31.990914612241035,3.5788872274020333e+06,41.80348382908669,2.097152e+06,2.097152e+06,2.047976e+06,95.83999031238648,1.96278e+06,1.7715004747155868e+07,0,0,15557.936573308265,469301.0710886624,7028.283206534342,1.724569896097869e+07,8529.650906699753
2019-11-05 21:52:44.899402937,RCA=wally178-instance-000002fb anomaly=mem_leak_vod component=wally178-instance-000002fb group=backend host=vod-video-2 index=0 injected=wally178-instance-000002fb layer=virtual node=wally178 target=wally178-instance-000002fb|mem_leak_vod vm=instance-000002fb,1.5223898112e+10,1.7179869184e+10,1.7179869184e+10,48.631052692787875,31.973876532867774,4.662856776954207,0,23.996206103830158,2.4613088459637654e+06,34.5984961425651,2.097152e+06,2.097152e+06,2.047976e+06,95.83999031238648,1.96278e+06,1.437500550271112e+07,0,0,12662.425410684902,382919.8786674957,5740.6008824675555,1.3992085133913968e+07,6921.82454729707
2019-11-05 21:52:45.399519855,RCA=wally178-instance-000002fb anomaly=mem_leak_vod component=wally178-instance-000002fb group=backend host=vod-video-2 index=0 injected=wally178-instance-000002fb layer=virtual node=wally178 target=wally178-instance-000002fb|mem_leak_vod vm=instance-000002fb,1.5223898112e+10,1.7179869184e+10,1.7179869184e+10,48.976709654275155,29.40736474687608,4.010095230277844,0,34.994515659505836,3.4974356265758025e+06,35.50847000820361,2.097152e+06,2.097152e+06,2.047976e+06,95.83999031238648,1.96278e+06,1.6250178872824902e+07,0,0,13382.782673977763,398967.7991426067,6014.7106429490395,1.58512083102918e+07,7368.071295034425
2019-11-05 21:52:45.899619034,RCA=wally178-instance-000002fb anomaly=mem_leak_vod component=wally178-instance-000002fb group=backend host=vod-video-2 index=0 injected=wally178-instance-000002fb layer=virtual node=wally178 target=wally178-instance-000002fb|mem_leak_vod vm=instance-000002fb,1.5223898112e+10,1.7179869184e+10,1.7179869184e+10,60.29260517218682,37.93508438348553,4.991458082842625,0,41.99181604700333,4.615292913248741e+06,42.914799489067576,2.097152e+06,2.097152e+06,2.047976e+06,95.83999031238648,1.96278e+06,2.0433283091285832e+07,0,0,16438.737760187258,494684.43555457663,7357.749471365291,1.9938593730517983e+07,9080.98792872321
2019-11-05 21:52:46.39969495,RCA=wally178-instance-000002fb anomaly=mem_leak_vod component=wally178-instance-000002fb group=backend host=vod-video-2 index=0 injected=wally178-instance-000002fb layer=virtual node=wally178 target=wally178-instance-000002fb|mem_leak_vod vm=instance-000002fb,1.5223898112e+10,1.7179869184e+10,1.7179869184e+10,58.253123523434546,38.93670838052745,3.993508472108418,0,25.994414554150335,2.9402961303615854e+06,40.93565353276143,2.097152e+06,2.097152e+06,2.047976e+06,95.83999031238648,1.96278e+06,1.641971436900547e+07,0,0,14828.789705085876,452414.421347194,6727.692925618807,1.5967297695214573e+07,8101.097742832438
2019-11-05 21:52:46.899817071,RCA=wally178-instance-000002fb anomaly=mem_leak_vod component=wally178-instance-000002fb group=backend host=vod-video-2 index=0 injected=wally178-instance-000002fb layer=virtual node=wally178 target=wally178-instance-000002fb|mem_leak_vod vm=instance-000002fb,1.5224045568e+10,1.7179869184e+10,1.7179869184e+10,58.03459401292368,37.97611259478194,4.663733221998206,0,33.99343073551693,3.0836914352223244e+06,41.350655040028286,2.097152e+06,2.097152e+06,2.047976e+06,95.83999031238648,1.96278e+06,1.6309780826731512e+07,0,0,14766.94109393513,448498.239570575,6700.30427016586,1.5861286000818985e+07,8066.638432743095
2019-11-05 21:52:47.399860932,RCA=wally178-instance-000002fb anomaly=mem_leak_vod component=wally178-instance-000002fb group=backend host=vod-video-2 index=0 injected=wally178-instance-000002fb layer=virtual node=wally178 target=wally178-instance-000002fb|mem_leak_vod vm=instance-000002fb,1.5224045568e+10,1.7179869184e+10,1.7179869184e+10,58.68754927337309,38.743159740676134,4.007913280090998,0,45.991837966491595,3.5710784692530837e+06,41.43767292412933,2.097152e+06,2.097152e+06,2.047976e+06,95.83999031238648,1.96278e+06,1.6639324560830608e+07,0,0,14887.55521305089,454868.1460435419,6794.997408444752,1.6184460706912983e+07,8092.558346929968
2019-11-05 21:52:47.899942222,RCA=wally178-instance-000002fb anomaly=mem_leak_vod component=wally178-instance-000002fb group=backend host=vod-video-2 index=0 injected=wally178-instance-000002fb layer=virtual node=wally178 target=wally178-instance-000002fb|mem_leak_vod vm=instance-000002fb,1.5224045568e+10,1.7179869184e+10,1.7179869184e+10,58.78146541948339,39.37787800896778,6.006794934484248,0,41.993285525604165,3.3377059303363813e+06,41.91664715430108,2.097152e+06,2.097152e+06,2.047976e+06,95.83999031238648,1.96278e+06,1.6823512372985814e+07,0,0,15062.071449228668,470875.9256301264,6949.72522983722,1.6352633423322612e+07,8112.344464601234
2019-11-05 21:52:48.400048988,RCA=wally178-instance-000002fb anomaly=mem_leak_vod component=wally178-instance-000002fb group=backend host=vod-video-2 index=0 injected=wally178-instance-000002fb layer=virtual node=wally178 target=wally178-instance-000002fb|mem_leak_vod vm=instance-000002fb,1.5224045568e+10,1.7179869184e+10,1.7179869184e+10,57.02669384084034,37.95071386331428,4.993515006950229,0,35.99408746721629,3.2394033999688006e+06,40.9818269776632,2.097152e+06,2.097152e+06,2.047976e+06,95.83999031238648,1.96278e+06,1.6425963718093611e+07,0,0,15024.847722894896,463723.5368745627,6895.864115463709,1.5962239347475942e+07,8128.983212194466
2019-11-05 21:52:48.900189044,RCA=wally178-instance-000002fb anomaly=mem_leak_vod component=wally178-instance-000002fb group=backend host=vod-video-2 index=0 injected=wally178-instance-000002fb layer=virtual node=wally178 target=wally178-instance-000002fb|mem_leak_vod vm=instance-000002fb,1.5224045568e+10,1.7179869184e+10,1.7179869184e+10,56.26923161830062,39.92733002342688,3.9927327153882057,0,33.9931860658531,2.813387904471602e+06,39.88582407645927,2.097152e+06,2.097152e+06,2.047976e+06,96.25620612741555,1.971304e+06,1.53030333927173e+07,0,0,14706.000306196522,445228.72462763416,6724.989948991454,1.4857806490322584e+07,7981.011566134909
2019-11-05 21:52:49.400236964,RCA=wally178-instance-000002fb anomaly=mem_leak_vod component=wally178-instance-000002fb group=backend host=vod-video-2 index=0 injected=wally178-instance-000002fb layer=virtual node=wally178 target=wally178-instance-000002fb|mem_leak_vod vm=instance-000002fb,1.5224045568e+10,1.7179869184e+10,1.7179869184e+10,57.20270527417598,40.88719292978899,4.986243338569624,0,34.992845117937264,2.9362316815602416e+06,41.891921231063364,2.097152e+06,2.097152e+06,2.047976e+06,96.25620612741555,1.971304e+06,1.5981675095677266e+07,0,0,14784.466294528109,458617.5781207307,6874.686489515696,1.5523055790952846e+07,7909.778537110313
2019-11-05 21:52:49.900376558,RCA=wally178-instance-000002fb anomaly=mem_leak_vod component=wally178-instance-000002fb group=backend host=vod-video-2 index=0 injected=wally178-instance-000002fb layer=virtual node=wally178 target=wally178-instance-000002fb|mem_leak_vod vm=instance-000002fb,1.5224045568e+10,1.7179869184e+10,1.7179869184e+10,57.114974494845015,37.948884939175606,2.9959648009208655,0,32.99228412750338,3.157278813284444e+06,40.584118110476616,2.097152e+06,2.097152e+06,2.047976e+06,96.25620612741555,1.971304e+06,1.5464465270895926e+07,0,0,14556.841492449857,447989.38948697643,6732.754713436746,1.5016474076907055e+07,7824.086020123221
2019-11-05 21:52:50.400446553,RCA=wally178-instance-000002fb anomaly=mem_leak_vod component=wally178-instance-000002fb group=backend host=vod-video-2 index=0 injected=wally178-instance-000002fb layer=virtual node=wally178 target=wally178-instance-000002fb|mem_leak_vod vm=instance-000002fb,1.5224045568e+10,1.7179869184e+10,1.7179869184e+10,55.515428924573214,36.683622277086606,2.0009250036180726,0,36.99211183906355,3.0959162169113494e+06,39.472504067163186,2.097152e+06,2.097152e+06,2.047976e+06,96.25620612741555,1.971304e+06,1.552864444387702e+07,0,0,14429.797715059034,450388.0729893505,6696.494933167989,1.5078252927239852e+07,7733.3022777381675
2019-11-05 21:52:50.900539869,RCA=wally178-instance-000002fb anomaly=mem_leak_vod component=wally178-instance-000002fb group=backend host=vod-video-2 index=0 injected=wally178-instance-000002fb layer=virtual node=wally178 target=wally178-instance-000002fb|mem_leak_vod vm=instance-000002fb,1.5224131584e+10,1.7179869184e+10,1.7179869184e+10,53.92401455749546,33.970654687742574,1.9982737093269758,0,40.994344420243785,3.1903432094208137e+06,38.971357494182,2.097152e+06,2.097152e+06,2.047976e+06,96.25620612741555,1.971304e+06,1.4037026221853994e+07,0,0,13962.175964239646,437951.99595877033,6502.9721222715625,1.3599072386897424e+07,7459.20278719655
2019-11-05 21:52:51.400606129,RCA=wally178-instance-000002fb anomaly=mem_leak_vod component=wally178-instance-000002fb group=backend host=vod-video-2 index=0 injected=wally178-instance-000002fb layer=virtual node=wally178 target=wally178-instance-000002fb|mem_leak_vod vm=instance-000002fb,1.5224131584e+10,1.7179869184e+10,1.7179869184e+10,53.82606113359314,40.924713137948764,3.992654996082212,0,25.996275409636958,2.4695345281143878e+06,38.71515621918438,2.097152e+06,2.097152e+06,2.047976e+06,96.25620612741555,1.971304e+06,1.279820742436475e+07,0,0,13700.617136355655,425582.1370199829,6372.519184104689,1.2372627872661771e+07,7328.098807919593
2019-11-05 21:52:51.900708886,RCA=wally178-instance-000002fb anomaly=mem_leak_vod component=wally178-instance-000002fb group=backend host=vod-video-2 index=0 injected=wally178-instance-000002fb layer=virtual node=wally178 target=wally178-instance-000002fb|mem_leak_vod vm=instance-000002fb,1.5224131584e+10,1.7179869184e+10,1.7179869184e+10,53.745993227744,41.26563450146434,3.327873646015505,0,21.996497321759477,2.358919641447966e+06,38.56190517895588,2.097152e+06,2.097152e+06,2.047976e+06,96.25620612741555,1.971304e+06,1.3006002732541366e+07,0,0,13615.603602637846,421684.2161470666,6330.423328677376,1.2584320400447935e+07,7285.1801236650335
2019-11-05 21:52:52.400746448,RCA=wally178-instance-000002fb anomaly=mem_leak_vod component=wally178-instance-000002fb group=backend host=vod-video-2 index=0 injected=wally178-instance-000002fb layer=virtual node=wally178 target=wally178-instance-000002fb|mem_leak_vod vm=instance-000002fb,1.5224131584e+10,1.7179869184e+10,1.7179869184e+10,52.19348146306868,42.7114804061384,2.0021006894663507,0,19.99680131166219,2.0968158552566122e+06,36.74033780418622,2.097152e+06,2.097152e+06,2.047976e+06,96.25620612741555,1.971304e+06,1.2869691205656456e+07,0,0,13374.563103416593,416798.9450103194,6226.158970413578,1.2452893860469049e+07,7148.404845170386
2019-11-05 21:52:52.900851225,RCA=wally178-instance-000002fb anomaly=mem_leak_vod component=wally178-instance-000002fb group=backend host=vod-video-2 index=0 injected=wally178-instance-000002fb layer=virtual node=wally178 target=wally178-instance-000002fb|mem_leak_vod vm=instance-000002fb,1.5224131584e+10,1.7179869184e+10,1.7179869184e+10,52.24370838327816,37.92108939833358,0.9979234709454832,0,16.99742094732482,1.965782331410466e+06,37.42995044094764,2.097152e+06,2.097152e+06,2.047976e+06,96.25620612741555,1.971304e+06,1.297022366957014e+07,0,0,13384.408259229787,419903.32215258694,6238.596851084824,1.2550319394278366e+07,7145.811177293004
2019-11-05 21:52:53.400915874,RCA=wally178-instance-000002fb anomaly=mem_leak_vod component=wally178-instance-000002fb group=backend host=vod-video-2 index=0 injected=wally178-instance-000002fb layer=virtual node=wally178 target=wally178-instance-000002fb|mem_leak_vod vm=instance-000002fb,1.5224131584e+10,1.7179869184e+10,1.7179869184e+10,52.31111932651466,38.95144375344006,1.997509985949425,0,18.997084384479923,2.2278832162995855e+06,36.730029248335995,2.097152e+06,2.097152e+06,2.047976e+06,96.25620612741555,1.971304e+06,1.2754463705804743e+07,0,0,13402.613620682021,418528.5715293289,6254.06336256532,1.2335935574815696e+07,7148.550765472007
2019-11-05 21:52:53.900978068,RCA=wally178-instance-000002fb anomaly=mem_leak_vod component=wally178-instance-000002fb group=backend host=vod-video-2 index=0 injected=wally178-instance-000002fb layer=virtual node=wally178 target=wally178-instance-000002fb|mem_leak_vod vm=instance-000002fb,1.5224131584e+10,1.7179869184e+10,1.7179869184e+10,51.95074252940174,35.97464746677525,2.6647887385233804,0,16.99755259039272,2.0722778821038804e+06,36.88349970406774,2.097152e+06,2.097152e+06,2.047976e+06,96.25620612741555,1.971304e+06,1.2313510282882081e+07,0,0,13479.213651359012,416975.16056793305,6302.359542847826,1.189653428817486e+07,7176.854125146964
2019-11-05 21:52:54.401075408,RCA=wally178-instance-000002fb anomaly=mem_leak_vod component=wally178-instance-000002fb group=backend host=vod-video-2 index=0 injected=wally178-instance-000002fb layer=virtual node=wally178 target=wally178-instance-000002fb|mem_leak_vod vm=instance-000002fb,1.5224131584e+10,1.7179869184e+10,1.7179869184e+10,51.02249784053523,33.975809223832634,3.9971537427372557,0,21.996659851194917,2.4777024972475194e+06,36.87442991819907,2.097152e+06,2.097152e+06,2.047976e+06,96.25620612741555,1.971304e+06,1.227367100154896e+07,0,0,13479.917857102064,416814.4470851785,6298.2068790621,1.185685729915587e+07,7181.711105952218
2019-11-05 21:52:54.901135628,RCA=wally178-instance-000002fb anomaly=mem_leak_vod component=wally178-instance-000002fb group=backend host=vod-video-2 index=0 injected=wally178-instance-000002fb layer=virtual node=wally178 target=wally178-instance-000002fb|mem_leak_vod vm=instance-000002fb,1.5224131584e+10,1.7179869184e+10,1.7179869184e+10,51.77545941441276,35.37849501999554,4.005112625058666,0,24.996327214653373,2.530955043526696e+06,36.646685110472426,2.097152e+06,2.097152e+06,2.047976e+06,96.25620612741555,1.971304e+06,1.3110422479805408e+07,0,0,13716.526475507533,430399.87970003876,6433.012431154155,1.2680018606411641e+07,7283.510064481548
2019-11-05 21:52:55.401208022,RCA=wally178-instance-000002fb anomaly=mem_leak_vod component=wally178-instance-000002fb group=backend host=vod-video-2 index=0 injected=wally178-instance-000002fb layer=virtual node=wally178 target=wally178-instance-000002fb|mem_leak_vod vm=instance-000002fb,1.5224131584e+10,1.7179869184e+10,1.7179869184e+10,52.282259212654466,39.43559224273507,3.3419992532529927,0,20.996931466441634,2.256566363042253e+06,37.47580866283673,2.097152e+06,2.097152e+06,2.047976e+06,96.25620612741555,1.971304e+06,1.4849831705473617e+07,0,0,14080.025858757594,445512.4652631758,6622.548513792236,1.4404318852758946e+07,7457.475473833655
2019-11-05 21:52:55.90149615,RCA=wally178-instance-000002fb anomaly=mem_leak_vod component=wally178-instance-000002fb group=backend host=vod-video-2 index=0 injected=wally178-instance-000002fb layer=virtual node=wally178 target=wally178-instance-000002fb|mem_leak_vod vm=instance-000002fb,1.5224270848e+10,1.7179869184e+10,1.7179869184e+10,50.56920146739648,35.89321331142648,2.9911010287653697,0,31.988157568222192,3.0012583507524934e+06,36.889176098487056,2.097152e+06,2.097152e+06,2.047976e+06,96.25620612741555,1.971304e+06,1.69098066687361e+07,0,0,14161.131779703037,443074.9364968647,6583.520189975714,1.64667366958416e+07,7577.615794589316
2019-11-05 21:52:56.401576433,RCA=wally178-instance-000002fb anomaly=mem_leak_vod component=wally178-instance-000002fb group=backend host=vod-video-2 index=0 injected=wally178-instance-000002fb layer=virtual node=wally178 target=wally178-instance-000002fb|mem_leak_vod vm=instance-000002fb,1.5224270848e+10,1.7179869184e+10,1.7179869184e+10,50.49873014790921,30.896642358321337,2.9899978412813586,0,41.9847544120084,3.394352162445431e+06,35.96568463676847,2.097152e+06,2.097152e+06,2.047976e+06,96.25620612741555,1.971304e+06,1.5199054088491246e+07,0,0,13646.287841715586,419663.0429872886,6237.534030630728,1.4779394087121267e+07,7408.756722695366
2019-11-05 21:52:56.901670805,RCA=wally178-instance-000002fb anomaly=mem_leak_vod component=wally178-instance-000002fb group=backend host=vod-video-2 index=0 injected=wally178-instance-000002fb layer=virtual node=wally178 target=wally178-instance-000002fb|mem_leak_vod vm=instance-000002fb,1.5224270848e+10,1.7179869184e+10,1.7179869184e+10,51.42840289573438,32.62453251791354,4.660647694950712,0,33.99492136271794,3.0060092028316483e+06,35.99653835689237,2.097152e+06,2.097152e+06,2.047976e+06,96.25620612741555,1.971304e+06,1.4968006886460872e+07,0,0,13765.078716308788,420954.9427963704,6287.028899829613,1.454705441474067e+07,7478.051902669572
2019-11-05 21:52:57.401708566,RCA=wally178-instance-000002fb anomaly=mem_leak_vod component=wally178-instance-000002fb group=backend host=vod-video-2 index=0 injected=wally178-instance-000002fb layer=virtual node=wally178 target=wally178-instance-000002fb|mem_leak_vod vm=instance-000002fb,1.5224270848e+10,1.7179869184e+10,1.7179869184e+10,52.21188503710046,34.798639113559275,4.015227665262318,0,19.997087164292385,2.0886566706576904e+06,37.42578980486305,2.097152e+06,2.097152e+06,2.047976e+06,96.25620612741555,1.971304e+06,1.413023415194211e+07,0,0,13847.363366276375,417703.6270135834,6303.2552073646975,1.371252867276191e+07,7544.108671104618
2019-11-05 21:52:57.901834739,RCA=wally178-instance-000002fb anomaly=mem_leak_vod component=wally178-instance-000002fb group=backend host=vod-video-2 index=0 injected=wally178-instance-000002fb layer=virtual node=wally178 target=wally178-instance-000002fb|mem_leak_vod vm=instance-000002fb,1.5224270848e+10,1.7179869184e+10,1.7179869184e+10,55.98571361236967,39.986529857646445,3.9986530057511764,0,36.99460633437487,4.0749326840271843e+06,40.95860424457233,2.097152e+06,2.097152e+06,2.047976e+06,96.25620612741555,1.971304e+06,1.823900598644641e+07,0,0,14871.342641033469,462357.266099754,6825.127071640255,1.77766457125313e+07,8046.213623319404
2019-11-05 21:52:58.401857624,RCA=wally178-instance-000002fb anomaly=mem_leak_vod component=wally178-instance-000002fb group=backend host=vod-video-2 index=0 injected=wally178-instance-000002fb layer=virtual node=wally178 target=wally178-instance-000002fb|mem_leak_vod vm=instance-000002fb,1.5224270848e+10,1.7179869184e+10,1.7179869184e+10,58.84303825714543,41.853499567660826,4.982559248907494,0,45.99310797876249,4.877603676583998e+06,41.836778119355486,2.097152e+06,2.097152e+06,2.047976e+06,96.25620612741555,1.971304e+06,1.999616236081252e+07,0,0,15603.33996240987,483668.5704153556,7093.790124500172,1.9512500678855725e+07,8509.550968839754
2019-11-05 21:52:58.901944602,RCA=wally178-instance-000002fb anomaly=mem_leak_vod component=wally178-instance-000002fb group=backend host=vod-video-2 index=0 injected=wally178-instance-000002fb layer=virtual node=wally178 target=wally178-instance-000002fb|mem_leak_vod vm=instance-000002fb,1.5224270848e+10,1.7179869184e+10,1.7179869184e+10,56.312587106831515,39.9817131240696,4.997713890737246,0,23.996213445510723,2.514547807847396e+06,39.76396998132016,2.097152e+06,2.097152e+06,2.047976e+06,96.46773204373488,1.975636e+06,1.7263210099215876e+07,0,0,15247.729051385808,453681.5522545314,6798.922978423968,1.680952934137503e+07,8448.807842359094
2019-11-05 21:52:59.402042418,RCA=wally178-instance-000002fb anomaly=mem_leak_vod component=wally178-instance-000002fb group=backend host=vod-video-2 index=0 injected=wally178-instance-000002fb layer=virtual node=wally178 target=wally178-instance-000002fb|mem_leak_vod vm=instance-000002fb,1.5224270848e+10,1.7179869184e+10,1.7179869184e+10,56.48322043002051,40.021633961048536,4.669190672391679,0,24.995918216547075,2.891303691085543e+06,39.99989936025321,2.097152e+06,2.097152e+06,2.047976e+06,96.46773204373488,1.975636e+06,1.7052789233256973e+07,0,0,15273.600428140235,452909.37599855015,6834.765774924066,1.6599875470033703e+07,8438.83251483866
2019-11-05 21:52:59.902144124,RCA=wally178-instance-000002fb anomaly=mem_leak_vod component=wally178-instance-000002fb group=backend host=vod-video-2 index=0 injected=wally178-instance-000002fb layer=virtual node=wally178 target=wally178-instance-000002fb|mem_leak_vod vm=instance-000002fb,1.5224389632e+10,1.7179869184e+10,1.7179869184e+10,52.98277751847502,33.98696630430499,5.997699936053823,0,92.98548087507424,8.108813638465268e+06,39.99932099819295,2.097152e+06,2.097152e+06,2.047976e+06,96.46773204373488,1.975636e+06,1.9326807414545182e+07,0,0,13515.750087391838,397173.3192550441,5880.280640696587,1.892963380155213e+07,7635.46923685737
2019-11-05 21:53:00.402204599,RCA=wally178-instance-000002fb anomaly=mem_leak_vod component=wally178-instance-000002fb group=backend host=vod-video-2 index=0 injected=wally178-instance-000002fb layer=virtual node=wally178 target=wally178-instance-000002fb|mem_leak_vod vm=instance-000002fb,1.5224389632e+10,1.7179869184e+10,1.7179869184e+10,57.198019799318246,29.98414054850796,5.9968278939299156,0,112.98109430858388,9.873800963356324e+06,41.93431593263303,2.097152e+06,2.097152e+06,2.047976e+06,96.46773204373488,1.975636e+06,2.3335316741539508e+07,0,0,14594.135691780853,421044.541510016,6242.347513281588,2.2914274599741533e+07,8351.78985749822
2019-11-05 21:53:00.902232204,RCA=wally178-instance-000002fb anomaly=mem_leak_vod component=wally178-instance-000002fb group=backend host=vod-video-2 index=0 injected=wally178-instance-000002fb layer=virtual node=wally178 target=wally178-instance-000002fb|mem_leak_vod vm=instance-000002fb,1.5224389632e+10,1.7179869184e+10,1.7179869184e+10,60.78397296545519,26.941936193979288,4.9892507341320735,0,81.98994065418114,7.539810631501385e+06,41.30097938511242,2.097152e+06,2.097152e+06,2.047976e+06,96.46773204373488,1.975636e+06,2.2689938630269047e+07,0,0,14782.8290798214,425667.20736511896,6280.6393347959975,2.226427272798751e+07,8502.190304650045
2019-11-05 21:53:01.402297577,RCA=wally178-instance-000002fb anomaly=mem_leak_vod component=wally178-instance-000002fb group=backend host=vod-video-2 index=0 injected=wally178-instance-000002fb layer=virtual node=wally178 target=wally178-instance-000002fb|mem_leak_vod vm=instance-000002fb,1.5224389632e+10,1.7179869184e+10,1.7179869184e+10,59.77459361900165,29.941795753990476,6.9864193090976245,0,85.99224642310902,7.712077414315857e+06,43.40154916848594,2.097152e+06,2.097152e+06,2.047976e+06,96.46773204373488,1.975636e+06,2.237712501743843e+07,0,0,16356.484296121633,469944.7020164647,7023.875301499044,2.1907181332465403e+07,9332.609281630088
2019-11-05 21:53:01.902411503,RCA=wally178-instance-000002fb anomaly=mem_leak_vod component=wally178-instance-000002fb group=backend host=vod-video-2 index=0 injected=wally178-instance-000002fb layer=virtual node=wally178 target=wally178-instance-000002fb|mem_leak_vod vm=instance-000002fb,1.5224532992e+10,1.7179869184e+10,1.7179869184e+10,60.99498811991647,32.598666825628406,5.9875102691289666,0,81.98868580732466,7.4495927603237815e+06,45.82683555711225,2.097152e+06,2.097152e+06,2.047976e+06,96.46773204373488,1.975636e+06,2.059193965230671e+07,0,0,16461.375863489895,471527.18008854246,7121.431639988495,2.012040996259558e+07,9339.943353813434
2019-11-05 21:53:02.402459251,RCA=wally178-instance-000002fb anomaly=mem_leak_vod component=wally178-instance-000002fb group=backend host=vod-video-2 index=0 injected=wally178-instance-000002fb layer=virtual node=wally178 target=wally178-instance-000002fb|mem_leak_vod vm=instance-000002fb,1.5224532992e+10,1.7179869184e+10,1.7179869184e+10,63.353508041560936,37.99131890764696,4.9988572462369385,0,82.98779448713802,7.343046398637666e+06,44.78863178690324,2.097152e+06,2.097152e+06,2.047976e+06,96.46773204373488,1.975636e+06,2.0983445886987064e+07,0,0,16548.171479476445,479265.2497046012,7185.298265769821,2.0504180677600008e+07,9362.872064626825
2019-11-05 21:53:02.902511971,RCA=wally178-instance-000002fb anomaly=mem_leak_vod component=wally178-instance-000002fb group=backend host=vod-video-2 index=0 injected=wally178-instance-000002fb layer=virtual node=wally178 target=wally178-instance-000002fb|mem_leak_vod vm=instance-000002fb,1.5224532992e+10,1.7179869184e+10,1.7179869184e+10,63.817974874205795,38.96590129047382,4.995628415494912,0,68.98904860943469,6.552561818658014e+06,45.97230030989428,2.097152e+06,2.097152e+06,2.047976e+06,96.46773204373488,1.975636e+06,2.0916899648288213e+07,0,0,16592.06226752314,481290.15400404,7227.613728863912,2.043561457272297e+07,9364.451267269947
2019-11-05 21:53:03.402693861,RCA=wally178-instance-000002fb anomaly=mem_leak_vod component=wally178-instance-000002fb group=backend host=vod-video-2 index=0 injected=wally178-instance-000002fb layer=virtual node=wally178 target=wally178-instance-000002fb|mem_leak_vod vm=instance-000002fb,1.5224532992e+10,1.7179869184e+10,1.7179869184e+10,64.40262488868879,41.86406553718189,3.987053995805081,0,62.98835452405053,6.413151272912749e+06,44.715303144174165,2.097152e+06,2.097152e+06,2.047976e+06,96.46773204373488,1.975636e+06,2.208483154803181e+07,0,0,16881.874546875664,491854.51976670325,7316.345212925074,2.1592971508519452e+07,9565.529482420836
2019-11-05 21:53:03.902786569,RCA=wally178-instance-000002fb anomaly=mem_leak_vod component=wally178-instance-000002fb group=backend host=vod-video-2 index=0 injected=wally178-instance-000002fb layer=virtual node=wally178 target=wally178-instance-000002fb|mem_leak_vod vm=instance-000002fb,1.522464768e+10,1.7179869184e+10,1.7179869184e+10,65.52943695221335,39.96375095961958,4.995468889916215,0,82.98189401458117,7.09681464211432e+06,43.97325045612204,2.097152e+06,2.097152e+06,2.047976e+06,96.46773204373488,1.975636e+06,2.328984521221084e+07,0,0,17230.151192510293,507519.74690695124,7505.9956673504275,2.278231822117808e+07,9724.151254845267
2019-11-05 21:53:04.402865497,RCA=wally178-instance-000002fb anomaly=mem_leak_vod component=wally178-instance-000002fb group=backend host=vod-video-2 index=0 injected=wally178-instance-000002fb layer=virtual node=wally178 target=wally178-instance-000002fb|mem_leak_vod vm=instance-000002fb,1.522464768e+10,1.7179869184e+10,1.7179869184e+10,64.59671404051389,38.02836342951166,4.670149835652924,0,95.97886209530644,8.390852013097929e+06,46.985146350758406,2.097152e+06,2.097152e+06,2.047976e+06,96.46773204373488,1.975636e+06,2.3169055228195947e+07,0,0,17308.588664262392,504885.6510750087,7514.755231890844,2.2664163441360008e+07,9793.830220594804
2019-11-05 21:53:04.902948336,RCA=wally178-instance-000002fb anomaly=mem_leak_vod component=wally178-instance-000002fb group=backend host=vod-video-2 index=0 injected=wally178-instance-000002fb layer=virtual node=wally178 target=wally178-instance-000002fb|mem_leak_vod vm=instance-000002fb,1.522464768e+10,1.7179869184e+10,1.7179869184e+10,66.56837232233254,36.0627314338729,4.674798559791266,0,80.98556181305442,8.129115488694121e+06,47.414352323379795,2.097152e+06,2.097152e+06,2.047976e+06,96.46773204373488,1.975636e+06,2.495700665332542e+07,0,0,17870.258963739325,523673.4890941013,7830.742961300256,2.4433339974041585e+07,10039.516813525883
2019-11-05 21:53:05.402994236,RCA=wally178-instance-000002fb anomaly=mem_leak_vod component=wally178-instance-000002fb group=backend host=vod-video-2 index=0 injected=wally178-instance-000002fb layer=virtual node=wally178 target=wally178-instance-000002fb|mem_leak_vod vm=instance-000002fb,1.522464768e+10,1.7179869184e+10,1.7179869184e+10,68.23611359648216,33.9714643775804,4.995803829527231,0,77.98806509645796,8.051509006387989e+06,47.909369749426276,2.097152e+06,2.097152e+06,2.047976e+06,96.46773204373488,1.975636e+06,2.5636350209855888e+07,0,0,18175.32002183884,524862.6830172781,7881.422089366464,2.5111486135854106e+07,10293.89643574867
2019-11-05 21:53:05.903229779,RCA=wally178-instance-000002fb anomaly=mem_leak_vod component=wally178-instance-000002fb group=backend host=vod-video-2 index=0 injected=wally178-instance-000002fb layer=virtual node=wally178 target=wally178-instance-000002fb|mem_leak_vod vm=instance-000002fb,1.5224766464e+10,1.7179869184e+10,1.7179869184e+10,60.02676726873789,29.94673156245845,5.989346450002059,0,109.96457535190868,1.0531521650424208e+07,41.837335477405134,2.097152e+06,2.097152e+06,2.047976e+06,96.46773204373488,1.975636e+06,2.5456980948014237e+07,0,0,16692.373126636598,467074.4605282181,6985.37996341354,2.4989911838975944e+07,9706.997543305883
2019-11-05 21:53:06.403372983,RCA=wally178-instance-000002fb anomaly=mem_leak_vod component=wally178-instance-000002fb group=backend host=vod-video-2 index=0 injected=wally178-instance-000002fb layer=virtual node=wally178 target=wally178-instance-000002fb|mem_leak_vod vm=instance-000002fb,1.5224766464e+10,1.7179869184e+10,1.7179869184e+10,57.7307889704177,30.693031141474343,5.337918441578484,0,117.95766145657339,1.1104357995620493e+07,40.652129356802995,2.097152e+06,2.097152e+06,2.047976e+06,96.46773204373488,1.975636e+06,2.5861391073208917e+07,0,0,16243.830166862193,459275.16438622674,6879.95920904896,2.5402117537994288e+07,9363.871935514755
2019-11-05 21:53:06.90344748,RCA=wally178-instance-000002fb anomaly=mem_leak_vod component=wally178-instance-000002fb group=backend host=vod-video-2 index=0 injected=wally178-instance-000002fb layer=virtual node=wally178 target=wally178-instance-000002fb|mem_leak_vod vm=instance-000002fb,1.5224766464e+10,1.7179869184e+10,1.7179869184e+10,61.18241863779876,33.99634739843916,8.999032972915764,0,103.98004425388685,9.963653653332623e+06,43.95114535720872,2.097152e+06,2.097152e+06,2.047976e+06,96.46773204373488,1.975636e+06,2.620409451420777e+07,0,0,16782.361191334698,481701.62910584133,7248.4033163109125,2.5722372536946222e+07,9533.9513561732
2019-11-05 21:53:07.40352098,RCA=wally178-instance-000002fb anomaly=mem_leak_vod component=wally178-instance-000002fb group=backend host=vod-video-2 index=0 injected=wally178-instance-000002fb layer=virtual node=wally178 target=wally178-instance-000002fb|mem_leak_vod vm=instance-000002fb,1.5224848384e+10,1.7179869184e+10,1.7179869184e+10,50.20550813098402,25.922881656439912,8.97330521560773,0,80.98656003740211,7.674633986218692e+06,35.925149017967186,2.097152e+06,2.097152e+06,2.047976e+06,96.46773204373488,1.975636e+06,2.1311985133188386e+07,0,0,13425.344541636467,383095.7640598419,5763.269042424128,2.0928882303693615e+07,7662.073965251804
2019-11-05 21:53:07.903584166,RCA=wally178-instance-000002fb anomaly=mem_leak_vod component=wally178-instance-000002fb group=backend host=vod-video-2 index=0 injected=wally178-instance-000002fb layer=virtual node=wally178 target=wally178-instance-000002fb|mem_leak_vod vm=instance-000002fb,1.5224848384e+10,1.7179869184e+10,1.7179869184e+10,56.55403384127321,28.63748506938097,9.323832354380109,0,93.98500065179098,9.046622836795606e+06,41.21178875102171,2.097152e+06,2.097152e+06,2.047976e+06,96.46773204373488,1.975636e+06,2.448089738400585e+07,0,0,15435.181897370896,439910.69197387947,6548.804927672465,2.4040984025821585e+07,8886.376824814111
2019-11-05 21:53:08.403678922,RCA=wally178-instance-000002fb anomaly=mem_leak_vod component=wally178-instance-000002fb group=backend host=vod-video-2 index=0 injected=wally178-instance-000002fb layer=virtual node=wally178 target=wally178-instance-000002fb|mem_leak_vod vm=instance-000002fb,1.5224848384e+10,1.7179869184e+10,1.7179869184e+10,53.836721010336994,25.34342065678806,8.003185465227068,0,132.97955213320714,1.172913926080022e+07,46.83521385951156,2.097152e+06,2.097152e+06,2.047976e+06,96.46773204373488,1.975636e+06,2.5775956265062664e+07,0,0,15026.526313487637,431099.88135383785,6377.782415103983,2.5344860587853845e+07,8648.74628684747
2019-11-05 21:53:08.90386695,RCA=wally178-instance-000002fb anomaly=mem_leak_vod component=wally178-instance-000002fb group=backend host=vod-video-2 index=0 injected=wally178-instance-000002fb layer=virtual node=wally178 target=wally178-instance-000002fb|mem_leak_vod vm=instance-000002fb,1.5224881152e+10,1.7179869184e+10,1.7179869184e+10,59.688985210561526,27.949776961927782,6.987444428804547,0,125.9710628092489,1.1036179537687501e+07,42.99810739530489,2.097152e+06,2.097152e+06,2.047976e+06,96.57085825224515,1.977748e+06,2.725413198504641e+07,0,0,16002.61834718162,449057.17621097376,6701.381439148149,2.680505940124186e+07,9301.232962656093
2019-11-05 21:53:09.403917828,RCA=wally178-instance-000002fb anomaly=mem_leak_vod component=wally178-instance-000002fb group=backend host=vod-video-2 index=0 injected=wally178-instance-000002fb layer=virtual node=wally178 target=wally178-instance-000002fb|mem_leak_vod vm=instance-000002fb,1.522499584e+10,1.7179869184e+10,1.7179869184e+10,61.49303114403777,28.67511343748172,6.00176796879882,0,107.97408643520372,1.0286686219593048e+07,44.120749933141525,2.097152e+06,2.097152e+06,2.047976e+06,96.57085825224515,1.977748e+06,2.628036946016777e+07,0,0,16612.836700398384,469777.17061367,7004.122401046636,2.581058977250986e+07,9608.713462117783
2019-11-05 21:53:09.904010387,RCA=wally178-instance-000002fb anomaly=mem_leak_vod component=wally178-instance-000002fb group=backend host=vod-video-2 index=0 injected=wally178-instance-000002fb layer=virtual node=wally178 target=wally178-instance-000002fb|mem_leak_vod vm=instance-000002fb,1.522499584e+10,1.7179869184e+10,1.7179869184e+10,63.21669595573323,35.337105828519306,4.66716478694149,0,99.98333557749262,9.456093257805038e+06,45.474389584478935,2.097152e+06,2.097152e+06,2.047976e+06,96.57085825224515,1.977748e+06,2.4382095775733493e+07,0,0,16695.475926049756,471140.05114742724,7033.3677463057265,2.3910960873025674e+07,9662.107634331078
2019-11-05 21:53:10.404072135,RCA=wally178-instance-000002fb anomaly=mem_leak_vod component=wally178-instance-000002fb group=backend host=vod-video-2 index=0 injected=wally178-instance-000002fb layer=virtual node=wally178 target=wally178-instance-000002fb|mem_leak_vod vm=instance-000002fb,1.522499584e+10,1.7179869184e+10,1.7179869184e+10,65.65563284946853,33.980936660552494,7.995514772069341,0,105.98349497836003,9.206373205148725e+06,46.980225694143755,2.097152e+06,2.097152e+06,2.047976e+06,96.57085825224515,1.977748e+06,2.3947611837477088e+07,0,0,17424.44817864521,504093.08631419565,7449.336599329147,2.3443523463381696e+07,9975.111656456324
2019-11-05 21:53:10.904201837,RCA=wally178-instance-000002fb anomaly=mem_leak_vod component=wally178-instance-000002fb group=backend host=vod-video-2 index=0 injected=wally178-instance-000002fb layer=virtual node=wally178 target=wally178-instance-000002fb|mem_leak_vod vm=instance-000002fb,1.522499584e+10,1.7179869184e+10,1.7179869184e+10,64.61338442841642,35.34370232734732,7.3354854278287975,0,99.98391018923671,9.599468761267582e+06,46.86880815988423,2.097152e+06,2.097152e+06,2.047976e+06,96.57085825224515,1.977748e+06,2.3312107658016052e+07,0,0,17251.50845627974,497317.5152356841,7396.640280904896,2.2814783675564446e+07,9854.867995789806
2019-11-05 21:53:11.404231373,RCA=wally178-instance-000002fb anomaly=mem_leak_vod component=wally178-instance-000002fb group=backend host=vod-video-2 index=0 injected=wally178-instance-000002fb layer=virtual node=wally178 target=wally178-instance-000002fb|mem_leak_vod vm=instance-000002fb,1.5225081856e+10,1.7179869184e+10,1.7179869184e+10,64.66217455220618,34.0402149738092,8.009462667536082,0,113.98137681080563,9.816405143106528e+06,45.97525643881143,2.097152e+06,2.097152e+06,2.047976e+06,96.57085825224515,1.977748e+06,2.3169438515504457e+07,0,0,17288.80429015801,498103.2498536739,7443.263309173182,2.2671335182353806e+07,9845.540564865894
2019-11-05 21:53:11.904308382,RCA=wally178-instance-000002fb anomaly=mem_leak_vod component=wally178-instance-000002fb group=backend host=vod-video-2 index=0 injected=wally178-instance-000002fb layer=virtual node=wally178 target=wally178-instance-000002fb|mem_leak_vod vm=instance-000002fb,1.5225081856e+10,1.7179869184e+10,1.7179869184e+10,63.86905486136543,39.88295564958698,4.985369436315246,0,105.9840282069492,9.13271097009474e+06,45.89187287335066,2.097152e+06,2.097152e+06,2.047976e+06,96.57085825224515,1.977748e+06,2.2492997323486194e+07,0,0,16923.11398969549,485179.8212802257,7318.536627060612,2.2007814749532595e+07,9604.576806378378
2019-11-05 21:53:12.404491982,RCA=wally178-instance-000002fb anomaly=mem_leak_vod component=wally178-instance-000002fb group=backend host=vod-video-2 index=0 injected=wally178-instance-000002fb layer=virtual node=wally178 target=wally178-instance-000002fb|mem_leak_vod vm=instance-000002fb,1.5225081856e+10,1.7179869184e+10,1.7179869184e+10,62.26580193303977,35.7637380585661,2.9803115226450214,0,82.9783433991779,9.569953683477337e+06,44.813805762452134,2.097152e+06,2.097152e+06,2.047976e+06,96.57085825224515,1.977748e+06,2.2490741829470932e+07,0,0,16595.181858039752,480572.8504538967,7192.3727423796045,2.20101678917895e+07,9402.808240202134
2019-11-05 21:53:12.904570307,RCA=wally178-instance-000002fb anomaly=mem_leak_vod component=wally178-instance-000002fb group=backend host=vod-video-2 index=0 injected=wally178-instance-000002fb layer=virtual node=wally178 target=wally178-instance-000002fb|mem_leak_vod vm=instance-000002fb,1.5225102336e+10,1.7179869184e+10,1.7179869184e+10,61.454834933381456,35.97357587364824,4.6632415685846125,0,95.97379147702347,9.291287106968313e+06,43.984687083069524,2.097152e+06,2.097152e+06,2.047976e+06,96.57085825224515,1.977748e+06,2.3804133779694106e+07,0,0,16719.005715382493,495053.4631320787,7253.632674063665,2.330908025580013e+07,9465.373563793999
2019-11-05 21:53:13.404684915,RCA=wally178-instance-000002fb anomaly=mem_leak_vod component=wally178-instance-000002fb group=backend host=vod-video-2 index=0 injected=wally178-instance-000002fb layer=virtual node=wally178 target=wally178-instance-000002fb|mem_leak_vod vm=instance-000002fb,1.5225217024e+10,1.7179869184e+10,1.7179869184e+10,63.19890265424733,35.36264099433586,6.672196854755893,0,96.98435477484078,8.579733686630914e+06,45.41842268927319,2.097152e+06,2.097152e+06,2.047976e+06,96.57085825224515,1.977748e+06,2.3418232279114857e+07,0,0,16902.163641386283,495794.14598333277,7334.976576878381,2.29224396860998e+07,9567.187772770701
2019-11-05 21:53:13.904770263,RCA=wally178-instance-000002fb anomaly=mem_leak_vod component=wally178-instance-000002fb group=backend host=vod-video-2 index=0 injected=wally178-instance-000002fb layer=virtual node=wally178 target=wally178-instance-000002fb|mem_leak_vod vm=instance-000002fb,1.5225217024e+10,1.7179869184e+10,1.7179869184e+10,61.2406364031168,33.97636597187723,5.995828707963699,0,86.98457719953963,8.751600192508666e+06,43.99870922453372,2.097152e+06,2.097152e+06,2.047976e+06,96.57085825224515,1.977748e+06,2.291682195587396e+07,0,0,16449.635646249404,477066.1745580823,7087.353570284426,2.243975325051846e+07,9362.282211004103
2019-11-05 21:53:14.404843213,RCA=wally178-instance-000002fb anomaly=mem_leak_vod component=wally178-instance-000002fb group=backend host=vod-video-2 index=0 injected=wally178-instance-000002fb layer=virtual node=wally178 target=wally178-instance-000002fb|mem_leak_vod vm=instance-000002fb,1.5225217024e+10,1.7179869184e+10,1.7179869184e+10,61.93087180162704,36.03046443024444,4.6706153574633005,0,83.98263071231608,8.173926392197248e+06,43.970260977809225,2.097152e+06,2.097152e+06,2.047976e+06,96.57085825224515,1.977748e+06,2.163340237768138e+07,0,0,16384.771412349495,472873.528734942,7096.39286302181,2.1160528209937245e+07,9288.377706380426
2019-11-05 21:53:14.905060892,RCA=wally178-instance-000002fb anomaly=mem_leak_vod component=wally178-instance-000002fb group=backend host=vod-video-2 index=0 injected=wally178-instance-000002fb layer=virtual node=wally178 target=wally178-instance-000002fb|mem_leak_vod vm=instance-000002fb,1.5225217024e+10,1.7179869184e+10,1.7179869184e+10,63.58541907976964,36.97750576973514,3.997568251249787,0,105.9713776607507,8.804017729646552e+06,44.00104763561018,2.097152e+06,2.097152e+06,2.047976e+06,96.57085825224515,1.977748e+06,2.177034378628355e+07,0,0,16358.11848595507,471971.626880801,7079.93145040729,2.1298369178861525e+07,9278.186964827612
2019-11-05 21:53:15.405129755,RCA=wally178-instance-000002fb anomaly=mem_leak_vod component=wally178-instance-000002fb group=backend host=vod-video-2 index=0 injected=wally178-instance-000002fb layer=virtual node=wally178 target=wally178-instance-000002fb|mem_leak_vod vm=instance-000002fb,1.5225319424e+10,1.7179869184e+10,1.7179869184e+10,63.11750654221103,35.912149760001,4.987798498167887,0,102.9736211444978,8.652627813576685e+06,44.924600885952266,2.097152e+06,2.097152e+06,2.047976e+06,96.57085825224515,1.977748e+06,2.2050138151465245e+07,0,0,16937.911840475823,487343.90905809734,7348.365535460896,2.1562794829011403e+07,9589.54753469355
2019-11-05 21:53:15.90519817,RCA=wally178-instance-000002fb anomaly=mem_leak_vod component=wally178-instance-000002fb group=backend host=vod-video-2 index=0 injected=wally178-instance-000002fb layer=virtual node=wally178 target=wally178-instance-000002fb|mem_leak_vod vm=instance-000002fb,1.5225319424e+10,1.7179869184e+10,1.7179869184e+10,57.69810472974025,32.970478793786185,4.9955269801643265,0,93.98473048880693,7.768849002679936e+06,41.99110120384178,2.097152e+06,2.097152e+06,2.047976e+06,96.57085825224515,1.977748e+06,2.1764337496448454e+07,0,0,15461.578889372255,438966.0119426774,6573.168575775942,2.132536576729655e+07,8888.409868508526
2019-11-05 21:53:16.405248629,RCA=wally178-instance-000002fb anomaly=mem_leak_vod component=wally178-instance-000002fb group=backend host=vod-video-2 index=0 injected=wally178-instance-000002fb layer=virtual node=wally178 target=wally178-instance-000002fb|mem_leak_vod vm=instance-000002fb,1.5225319424e+10,1.7179869184e+10,1.7179869184e+10,53.65093345275921,29.352271497176037,4.669679575059693,0,95.9862777057529,8.444750252925757e+06,38.719012319118,2.097152e+06,2.097152e+06,2.047976e+06,96.57085825224515,1.977748e+06,2.177335426728637e+07,0,0,14777.563127635454,424286.8382157754,6358.70459604785,2.1349069666592952e+07,8418.857941645083
2019-11-05 21:53:16.905317692,RCA=wally178-instance-000002fb anomaly=mem_leak_vod component=wally178-instance-000002fb group=backend host=vod-video-2 index=0 injected=wally178-instance-000002fb layer=virtual node=wally178 target=wally178-instance-000002fb|mem_leak_vod vm=instance-000002fb,1.5225319424e+10,1.7179869184e+10,1.7179869184e+10,54.58583498917034,31.978274088497372,2.99796309093916,0,77.98896066261821,7.957407939130711e+06,38.96149649589542,2.097152e+06,2.097152e+06,2.047976e+06,96.57085825224515,1.977748e+06,2.2229342726125725e+07,0,0,14970.547969321608,436039.7149070186,6464.949222431669,2.179330580639632e+07,8505.599233439576
2019-11-05 21:53:17.405379075,RCA=wally178-instance-000002fb anomaly=mem_leak_vod component=wally178-instance-000002fb group=backend host=vod-video-2 index=0 injected=wally178-instance-000002fb layer=virtual node=wally178 target=wally178-instance-000002fb|mem_leak_vod vm=instance-000002fb,1.5225442304e+10,1.7179869184e+10,1.7179869184e+10,64.02141935688566,38.99963675738324,3.99996265634864,0,87.98843110510144,8.063964564399494e+06,45.98854489730571,2.097152e+06,2.097152e+06,2.047976e+06,96.57085825224515,1.977748e+06,2.240428604343418e+07,0,0,17017.405292737232,494569.71182115364,7357.743325124103,2.1909718474436507e+07,9659.663602215052
2019-11-05 21:53:17.905472099,RCA=wally178-instance-000002fb anomaly=mem_leak_vod component=wally178-instance-000002fb group=backend host=vod-video-2 index=0 injected=wally178-instance-000002fb layer=virtual node=wally178 target=wally178-instance-000002fb|mem_leak_vod vm=instance-000002fb,1.5225442304e+10,1.7179869184e+10,1.7179869184e+10,62.48554945514837,36.64082093996482,4.663376977536485,0,97.98646179849207,8.80927672562696e+06,44.89608948246379,2.097152e+06,2.097152e+06,2.047976e+06,96.57085825224515,1.977748e+06,2.160008291151266e+07,0,0,16366.520774585475,470890.1249456141,7054.776428612073,2.112919152831463e+07,9311.748703159461
2019-11-05 21:53:18.405531559,RCA=wally178-instance-000002fb anomaly=mem_leak_vod component=wally178-instance-000002fb group=backend host=vod-video-2 index=0 injected=wally178-instance-000002fb layer=virtual node=wally178 target=wally178-instance-000002fb|mem_leak_vod vm=instance-000002fb,1.5225442304e+10,1.7179869184e+10,1.7179869184e+10,61.64294016434327,37.87110482369714,3.986432329052499,0,81.98806909618513,7.912319950390584e+06,43.815829580760635,2.097152e+06,2.097152e+06,2.047976e+06,96.57085825224515,1.977748e+06,2.141872642525759e+07,0,0,16805.320198860732,489401.11894836725,7281.511411586371,2.0929320856120877e+07,9523.807879647611
2019-11-05 21:53:18.905610335,RCA=wally178-instance-000002fb anomaly=mem_leak_vod component=wally178-instance-000002fb group=backend host=vod-video-2 index=0 injected=wally178-instance-000002fb layer=virtual node=wally178 target=wally178-instance-000002fb|mem_leak_vod vm=instance-000002fb,1.5225442304e+10,1.7179869184e+10,1.7179869184e+10,60.994999859717325,36.93225383722524,4.990844958705634,0,88.98667148735795,8.538883915032202e+06,42.91539757228015,2.097152e+06,2.097152e+06,2.047976e+06,96.44976308316113,1.975268e+06,2.179140327599267e+07,0,0,16757.191315984077,479515.612503758,7179.22708127539,2.1311893505532146e+07,9577.963526641337
2019-11-05 21:53:19.405727295,RCA=wally178-instance-000002fb anomaly=mem_leak_vod component=wally178-instance-000002fb group=backend host=vod-video-2 index=0 injected=wally178-instance-000002fb layer=virtual node=wally178 target=wally178-instance-000002fb|mem_leak_vod vm=instance-000002fb,1.5225577472e+10,1.7179869184e+10,1.7179869184e+10,54.65724201321848,32.674041807818135,4.667720211571994,0,74.98773613069451,6.933390306917927e+06,36.96984573017941,2.097152e+06,2.097152e+06,2.047976e+06,96.44976308316113,1.975268e+06,1.9190334364499267e+07,0,0,14982.943947374377,430583.35089904885,6456.428761483224,1.8759755879350323e+07,8526.515316160916
2019-11-05 21:53:19.906601466,RCA=wally178-instance-000002fb anomaly=mem_leak_vod component=wally178-instance-000002fb group=backend host=vod-video-2 index=0 injected=wally178-instance-000002fb layer=virtual node=wally178 target=wally178-instance-000002fb|mem_leak_vod vm=instance-000002fb,1.5225577472e+10,1.7179869184e+10,1.7179869184e+10,53.721382082794,31.92936971177734,4.988964126980164,0,69.93091364200205,6.817195702265256e+06,38.863020405825054,2.097152e+06,2.097152e+06,2.047976e+06,96.44976308316113,1.975268e+06,1.993603402324187e+07,0,0,15266.422442151801,444041.1465664867,6683.423592924059,1.9491987428323902e+07,8582.995218227099
2019-11-05 21:53:20.406715882,RCA=wally178-instance-000002fb anomaly=mem_leak_vod component=wally178-instance-000002fb group=backend host=vod-video-2 index=0 injected=wally178-instance-000002fb layer=virtual node=wally178 target=wally178-instance-000002fb|mem_leak_vod vm=instance-000002fb,1.5225577472e+10,1.7179869184e+10,1.7179869184e+10,48.514632315736144,30.051738736271243,4.674715008186625,0,60.94035937660818,6.432616886731839e+06,35.48826264348402,2.097152e+06,2.097152e+06,2.047976e+06,96.44976308316113,1.975268e+06,1.720943883168863e+07,0,0,13607.50878614336,400457.34870329144,5996.8005671103265,1.6808938886233367e+07,7610.705517083298
2019-11-05 21:53:20.906744948,RCA=wally178-instance-000002fb anomaly=mem_leak_vod component=wally178-instance-000002fb group=backend host=vod-video-2 index=0 injected=wally178-instance-000002fb layer=virtual node=wally178 target=wally178-instance-000002fb|mem_leak_vod vm=instance-000002fb,1.5225577472e+10,1.7179869184e+10,1.7179869184e+10,52.321388289009555,29.95637427252501,5.32557808096603,0,74.98836540513066,6.8515497507348e+06,36.69720769758974,2.097152e+06,2.097152e+06,2.047976e+06,96.44976308316113,1.975268e+06,2.1609105269397665e+07,0,0,15050.980104271666,446845.53245512024,6625.4195180777,2.1162254929211833e+07,8425.558076660574
2019-11-05 21:53:21.406868102,RCA=wally178-instance-000002fb anomaly=mem_leak_vod component=wally178-instance-000002fb group=backend host=vod-video-2 index=0 injected=wally178-instance-000002fb layer=virtual node=wally178 target=wally178-instance-000002fb|mem_leak_vod vm=instance-000002fb,1.5225577472e+10,1.7179869184e+10,1.7179869184e+10,55.807769869851896,31.965996235436545,3.995750072274128,0,84.98699792417457,7.838542445505614e+06,38.996390026182496,2.097152e+06,2.097152e+06,2.047976e+06,96.44976308316113,1.975268e+06,2.0128201620582066e+07,0,0,14226.329883969913,427265.12035544665,6335.995224811145,1.9700938069817737e+07,7890.335130241651
2019-11-05 21:53:21.906928079,RCA=wally178-instance-000002fb anomaly=mem_leak_vod component=wally178-instance-000002fb group=backend host=vod-video-2 index=0 injected=wally178-instance-000002fb layer=virtual node=wally178 target=wally178-instance-000002fb|mem_leak_vod vm=instance-000002fb,1.5225622528e+10,1.7179869184e+10,1.7179869184e+10,57.30045187332623,32.61980214486969,5.325682216829708,0,58.99139433539435,5.917855389491885e+06,39.98894665525502,2.097152e+06,2.097152e+06,2.047976e+06,96.44976308316113,1.975268e+06,2.2846632436208863e+07,0,0,16242.181805032322,482845.75976561254,7209.566810506254,2.2363828952596333e+07,9032.614352356317
2019-11-05 21:53:22.406991673,RCA=wally178-instance-000002fb anomaly=mem_leak_vod component=wally178-instance-000002fb group=backend host=vod-video-2 index=0 injected=wally178-instance-000002fb layer=virtual node=wally178 target=wally178-instance-000002fb|mem_leak_vod vm=instance-000002fb,1.5225724928e+10,1.7179869184e+10,1.7179869184e+10,59.84463118603992,32.9939292489939,6.998711586187964,0,63.98976662854123,6.712272694428878e+06,43.7486858926332,2.097152e+06,2.097152e+06,2.047976e+06,96.44976308316113,1.975268e+06,1.9906830065892093e+07,0,0,16285.100024929732,480056.28894490324,7221.352611910166,1.942677323747468e+07,9063.74672745247
2019-11-05 21:53:22.907069003,RCA=wally178-instance-000002fb anomaly=mem_leak_vod component=wally178-instance-000002fb group=backend host=vod-video-2 index=0 injected=wally178-instance-000002fb layer=virtual node=wally178 target=wally178-instance-000002fb|mem_leak_vod vm=instance-000002fb,1.5225724928e+10,1.7179869184e+10,1.7179869184e+10,58.66576978320575,33.9421072218329,7.986378074169682,0,65.98892949922042,6.761361240742966e+06,42.80092229577363,2.097152e+06,2.097152e+06,2.047976e+06,96.44976308316113,1.975268e+06,1.9997851287863884e+07,0,0,16324.117773197151,481898.5481172631,7219.536566237227,1.9515964043118544e+07,9104.582939150765
2019-11-05 21:53:23.407195305,RCA=wally178-instance-000002fb anomaly=mem_leak_vod component=wally178-instance-000002fb group=backend host=vod-video-2 index=0 injected=wally178-instance-000002fb layer=virtual node=wally178 target=wally178-instance-000002fb|mem_leak_vod vm=instance-000002fb,1.5225724928e+10,1.7179869184e+10,1.7179869184e+10,58.5379710907564,36.978854936064735,6.995999638434745,0,60.98961096867799,5.9709544125756025e+06,42.519643773135094,2.097152e+06,2.097152e+06,2.047976e+06,96.44976308316113,1.975268e+06,1.991605207533919e+07,0,0,16315.304273216101,484009.5956634299,7233.20926365786,1.943204851112603e+07,9082.095108156373
2019-11-05 21:53:23.907258661,RCA=wally178-instance-000002fb anomaly=mem_leak_vod component=wally178-instance-000002fb group=backend host=vod-video-2 index=0 injected=wally178-instance-000002fb layer=virtual node=wally178 target=wally178-instance-000002fb|mem_leak_vod vm=instance-000002fb,1.5225724928e+10,1.7179869184e+10,1.7179869184e+10,58.332118988381076,36.636340325356684,7.327267860077523,0,49.99168273376853,5.385343448022773e+06,41.42460593503986,2.097152e+06,2.097152e+06,2.047976e+06,96.44976308316113,1.975268e+06,2.01257885146437e+07,0,0,16361.8301142671,482802.46531810047,7229.66159560959,1.964298680044951e+07,9132.169346427856
2019-11-05 21:53:24.407300996,RCA=wally178-instance-000002fb anomaly=mem_leak_vod component=wally178-instance-000002fb group=backend host=vod-video-2 index=0 injected=wally178-instance-000002fb layer=virtual node=wally178 target=wally178-instance-000002fb|mem_leak_vod vm=instance-000002fb,1.5225724928e+10,1.7179869184e+10,1.7179869184e+10,57.16500303084029,35.790161424603674,6.9591980686213155,0,54.991818317270756,5.2748602734662015e+06,39.677271147111874,2.097152e+06,2.097152e+06,2.047976e+06,96.44976308316113,1.975268e+06,1.9424955712602574e+07,0,0,16105.57490706018,480462.64883912227,7143.465913892096,1.8944496683580674e+07,8962.110836440022
2019-11-05 21:53:24.907440431,RCA=wally178-instance-000002fb anomaly=mem_leak_vod component=wally178-instance-000002fb group=backend host=vod-video-2 index=0 injected=wally178-instance-000002fb layer=virtual node=wally178 target=wally178-instance-000002fb|mem_leak_vod vm=instance-000002fb,1.5225872384e+10,1.7179869184e+10,1.7179869184e+10,56.67317365012161,34.65996345284153,5.998839848368685,0,56.990328741212615,5.164179344407031e+06,38.8973889602047,2.097152e+06,2.097152e+06,2.047976e+06,96.44976308316113,1.975268e+06,1.857086193205702e+07,0,0,15784.402259726021,471581.96559371334,7041.614774050199,1.809928227123328e+07,8742.78805828025
2019-11-05 21:53:25.407478424,RCA=wally178-instance-000002fb anomaly=mem_leak_vod component=wally178-instance-000002fb group=backend host=vod-video-2 index=0 injected=wally178-instance-000002fb layer=virtual node=wally178 target=wally178-instance-000002fb|mem_leak_vod vm=instance-000002fb,1.5225872384e+10,1.7179869184e+10,1.7179869184e+10,54.69443612758068,36.043071783154154,4.672250173825394,0,49.99139283192195,5.053596368253919e+06,38.63520751108508,2.097152e+06,2.097152e+06,2.047976e+06,96.44976308316113,1.975268e+06,1.7168498995043654e+07,0,0,15258.898633045426,461735.2096421648,6858.359160449862,1.670676140651791e+07,8400.538324227542
2019-11-05 21:53:25.907542409,RCA=wally178-instance-000002fb anomaly=mem_leak_vod component=wally178-instance-000002fb group=backend host=vod-video-2 index=0 injected=wally178-instance-000002fb layer=virtual node=wally178 target=wally178-instance-000002fb|mem_leak_vod vm=instance-000002fb,1.5225872384e+10,1.7179869184e+10,1.7179869184e+10,52.347131827844464,34.83089307359653,3.3491243676495674,0,59.991463814613816,5.418239059767354e+06,36.98906067025208,2.097152e+06,2.097152e+06,2.047976e+06,96.44976308316113,1.975268e+06,1.6310703379468739e+07,0,0,14277.969587447915,430462.0496646907,6387.775631071928,1.5880241746432431e+07,7890.194715061185
2019-11-05 21:53:26.40763163,RCA=wally178-instance-000002fb anomaly=mem_leak_vod component=wally178-instance-000002fb group=backend host=vod-video-2 index=0 injected=wally178-instance-000002fb layer=virtual node=wally178 target=wally178-instance-000002fb|mem_leak_vod vm=instance-000002fb,1.5225872384e+10,1.7179869184e+10,1.7179869184e+10,51.43335237961934,36.0425503932923,2.002363960188484,0,56.99123845195658,4.586814612128059e+06,36.7416971067786,2.097152e+06,2.097152e+06,2.047976e+06,96.44976308316113,1.975268e+06,1.6178044418935502e+07,0,0,14412.024073394823,438257.0020831271,6507.820223663483,1.5739786208397865e+07,7904.203003773232
2019-11-05 21:53:26.907729469,RCA=wally178-instance-000002fb anomaly=mem_leak_vod component=wally178-instance-000002fb group=backend host=vod-video-2 index=0 injected=wally178-instance-000002fb layer=virtual node=wally178 target=wally178-instance-000002fb|mem_leak_vod vm=instance-000002fb,1.5225872384e+10,1.7179869184e+10,1.7179869184e+10,52.94063826690808,33.97571789417821,1.998571674785466,0,42.99295646394251,4.205901277450908e+06,37.37849769734404,2.097152e+06,2.097152e+06,2.047976e+06,96.44976308316113,1.975268e+06,1.5836341758490799e+07,0,0,14305.755458996533,438709.3907849986,6515.941133388797,1.5397634393231941e+07,7789.814666351114
2019-11-05 21:53:27.407827984,RCA=wally178-instance-000002fb anomaly=mem_leak_vod component=wally178-instance-000002fb group=backend host=vod-video-2 index=0 injected=wally178-instance-000002fb layer=virtual node=wally178 target=wally178-instance-000002fb|mem_leak_vod vm=instance-000002fb,1.522587648e+10,1.7179869184e+10,1.7179869184e+10,51.24604578627008,33.955074991021476,1.9973571868514315,0,40.99310692708399,4.431123915504965e+06,37.78523199089371,2.097152e+06,2.097152e+06,2.047976e+06,96.44976308316113,1.975268e+06,1.517150738524866e+07,0,0,14361.591176579674,443247.5747899708,6590.533936716324,1.4728258678743925e+07,7771.057407001466
2019-11-05 21:53:27.907882104,RCA=wally178-instance-000002fb anomaly=mem_leak_vod component=wally178-instance-000002fb group=backend host=vod-video-2 index=0 injected=wally178-instance-000002fb layer=virtual node=wally178 target=wally178-instance-000002fb|mem_leak_vod vm=instance-000002fb,1.5225991168e+10,1.7179869184e+10,1.7179869184e+10,51.570329980087706,32.99856103174909,1.9999127678048938,0,59.98938853705107,4.42699456462743e+06,38.012200243741425,2.097152e+06,2.097152e+06,2.047976e+06,96.44976308316113,1.975268e+06,1.47586894926981e+07,0,0,14031.541220397288,429745.8908482451,6421.59994809679,1.4328949560078138e+07,7609.944604495673
2019-11-05 21:53:28.407968113,RCA=wally178-instance-000002fb anomaly=mem_leak_vod component=wally178-instance-000002fb group=backend host=vod-video-2 index=0 injected=wally178-instance-000002fb layer=virtual node=wally178 target=wally178-instance-000002fb|mem_leak_vod vm=instance-000002fb,1.5225991168e+10,1.7179869184e+10,1.7179869184e+10,53.422738803154935,31.986016832951226,3.998252104118903,0,71.98812829378681,5.135541083099866e+06,37.87602419759642,2.097152e+06,2.097152e+06,2.047976e+06,96.44976308316113,1.975268e+06,1.4992560884279717e+07,0,0,14181.047064362876,426738.03163014195,6441.208203275428,1.456582271865457e+07,7739.838935809787
2019-11-05 21:53:28.908082068,RCA=wally178-instance-000002fb anomaly=mem_leak_vod component=wally178-instance-000002fb group=backend host=vod-video-2 index=0 injected=wally178-instance-000002fb layer=virtual node=wally178 target=wally178-instance-000002fb|mem_leak_vod vm=instance-000002fb,1.5225991168e+10,1.7179869184e+10,1.7179869184e+10,51.47763092676669,32.940629916838205,3.992803387146221,0,64.98991609962808,4.742429063157953e+06,37.82735097693096,2.097152e+06,2.097152e+06,2.047976e+06,96.1790567858217,1.969724e+06,1.4389700487521198e+07,0,0,13895.55589944514,421541.3845576718,6359.574216307371,1.3968153960720507e+07,7535.980849121621
2019-11-05 21:53:29.408126375,RCA=wally178-instance-000002fb anomaly=mem_leak_vod component=wally178-instance-000002fb group=backend host=vod-video-2 index=0 injected=wally178-instance-000002fb layer=virtual node=wally178 target=wally178-instance-000002fb|mem_leak_vod vm=instance-000002fb,1.5225991168e+10,1.7179869184e+10,1.7179869184e+10,49.26567181801651,28.9899430408798,2.9989597418374694,0,51.99140628846317,3.7308377628743136e+06,35.992377714209574,2.097152e+06,2.097152e+06,2.047976e+06,96.1790567858217,1.969724e+06,1.4093912230214551e+07,0,0,13684.515133179839,418401.82689356466,6248.001275105995,1.3675506288636453e+07,7436.511219674429
2019-11-05 21:53:29.908202905,RCA=wally178-instance-000002fb anomaly=mem_leak_vod component=wally178-instance-000002fb group=backend host=vod-video-2 index=0 injected=wally178-instance-000002fb layer=virtual node=wally178 target=wally178-instance-000002fb|mem_leak_vod vm=instance-000002fb,1.5226126336e+10,1.7179869184e+10,1.7179869184e+10,49.387639061926635,24.654259016348547,4.664319403898488,0,85.98612175396279,7.068556668830449e+06,36.11292217044264,2.097152e+06,2.097152e+06,2.047976e+06,96.1790567858217,1.969724e+06,1.7857570388131708e+07,0,0,13427.549275018438,417741.8054686358,6196.661411559291,1.7439830330365505e+07,7230.887799894784
2019-11-05 21:53:30.408302863,RCA=wally178-instance-000002fb anomaly=mem_leak_vod component=wally178-instance-000002fb group=backend host=vod-video-2 index=0 injected=wally178-instance-000002fb layer=virtual node=wally178 target=wally178-instance-000002fb|mem_leak_vod vm=instance-000002fb,1.5226126336e+10,1.7179869184e+10,1.7179869184e+10,45.50183836093266,20.999804974811198,4.999953775427346,0,105.98299788952956,8.4855545743203e+06,32.98291079531,2.097152e+06,2.097152e+06,2.047976e+06,96.1790567858217,1.969724e+06,2.2334908823716987e+07,0,0,12833.049953534924,399584.5218637187,5953.816086890614,2.1935321619459387e+07,6879.233319060147
2019-11-05 21:53:30.908350707,RCA=wally178-instance-000002fb anomaly=mem_leak_vod component=wally178-instance-000002fb group=backend host=vod-video-2 index=0 injected=wally178-instance-000002fb layer=virtual node=wally178 target=wally178-instance-000002fb|mem_leak_vod vm=instance-000002fb,1.5226126336e+10,1.7179869184e+10,1.7179869184e+10,49.097667182774615,22.671594398166693,4.000869674375612,0,76.98808855691465,5.524652059979786e+06,35.45507324375258,2.097152e+06,2.097152e+06,2.047976e+06,96.1790567858217,1.969724e+06,2.0750047574299563e+07,0,0,13556.719219908988,417119.3696988054,6205.7576765827125,2.033293039380169e+07,7350.9638417153155
2019-11-05 21:53:31.408465632,RCA=wally178-instance-000002fb anomaly=mem_leak_vod component=wally178-instance-000002fb group=backend host=vod-video-2 index=0 injected=wally178-instance-000002fb layer=virtual node=wally178 target=wally178-instance-000002fb|mem_leak_vod vm=instance-000002fb,1.5226126336e+10,1.7179869184e+10,1.7179869184e+10,50.44730800176558,28.691976662656142,3.3362764140026555,0,66.98968975082984,5.041400047870233e+06,35.93295779652747,2.097152e+06,2.097152e+06,2.047976e+06,96.1790567858217,1.969724e+06,1.7861914639030267e+07,0,0,13971.144021487593,419571.98555651156,6279.830675703581,1.744233914475113e+07,7691.31224609166
2019-11-05 21:53:31.908518018,RCA=wally178-instance-000002fb anomaly=mem_leak_vod component=wally178-instance-000002fb group=backend host=vod-video-2 index=0 injected=wally178-instance-000002fb layer=virtual node=wally178 target=wally178-instance-000002fb|mem_leak_vod vm=instance-000002fb,1.5226126336e+10,1.7179869184e+10,1.7179869184e+10,53.222971805149555,31.92885726967058,3.9911068281834208,0,46.992289505138,4.369713335096343e+06,37.838709473771296,2.097152e+06,2.097152e+06,2.047976e+06,96.1790567858217,1.969724e+06,1.7377958198440567e+07,0,0,14729.25914797846,442385.89132875326,6564.493291311555,1.6935565066479318e+07,8164.760465961186
2019-11-05 21:53:32.408588112,RCA=wally178-instance-000002fb anomaly=mem_leak_vod component=wally178-instance-000002fb group=backend host=vod-video-2 index=0 injected=wally178-instance-000002fb layer=virtual node=wally178 target=wally178-instance-000002fb|mem_leak_vod vm=instance-000002fb,1.5226126336e+10,1.7179869184e+10,1.7179869184e+10,53.96392475153704,29.964535055032126,3.9952715322172763,0,58.9912410395217,4.165013416372414e+06,38.64903994748576,2.097152e+06,2.097152e+06,2.047976e+06,96.1790567858217,1.969724e+06,1.7590705027288117e+07,0,0,14768.352695023246,440570.7146771678,6569.562905081381,1.7150132327124402e+07,8198.787173858676
2019-11-05 21:53:32.908658422,RCA=wally178-instance-000002fb anomaly=mem_leak_vod component=wally178-instance-000002fb group=backend host=vod-video-2 index=0 injected=wally178-instance-000002fb layer=virtual node=wally178 target=wally178-instance-000002fb|mem_leak_vod vm=instance-000002fb,1.5226126336e+10,1.7179869184e+10,1.7179869184e+10,56.24392050159995,32.98963868026258,5.998116939171883,0,63.99094604902542,4.922695236793488e+06,39.38996515281276,2.097152e+06,2.097152e+06,2.047976e+06,96.1790567858217,1.969724e+06,1.9002977038129866e+07,0,0,14995.784623350637,453265.07004183746,6731.669476134969,1.8549713491162237e+07,8264.114366834894
2019-11-05 21:53:33.408725324,RCA=wally178-instance-000002fb anomaly=mem_leak_vod component=wally178-instance-000002fb group=backend host=vod-video-2 index=0 injected=wally178-instance-000002fb layer=virtual node=wally178 target=wally178-instance-000002fb|mem_leak_vod vm=instance-000002fb,1.522628608e+10,1.7179869184e+10,1.7179869184e+10,57.22621321673865,37.90663262805343,4.987714461247633,0,60.991478453604905,5.557495417820295e+06,40.87685830086122,2.097152e+06,2.097152e+06,2.047976e+06,96.1790567858217,1.969724e+06,2.0883072131064143e+07,0,0,15347.9793710407,469528.4055554624,6979.875240206538,2.0413540177351687e+07,8368.105050714237
2019-11-05 21:53:33.908860653,RCA=wally178-instance-000002fb anomaly=mem_leak_vod component=wally178-instance-000002fb group=backend host=vod-video-2 index=0 injected=wally178-instance-000002fb layer=virtual node=wally178 target=wally178-instance-000002fb|mem_leak_vod vm=instance-000002fb,1.522628608e+10,1.7179869184e+10,1.7179869184e+10,56.18568194282385,39.98548826667082,4.998185763529739,0,62.98972461220345,5.663845546467383e+06,39.943514518040544,2.097152e+06,2.097152e+06,2.047976e+06,96.1790567858217,1.969724e+06,2.0019521760145787e+07,0,0,15369.343359581128,467575.8589954698,6951.527502593523,1.9551667365070786e+07,8417.81334391078
2019-11-05 21:53:34.408894792,RCA=wally178-instance-000002fb anomaly=mem_leak_vod component=wally178-instance-000002fb group=backend host=vod-video-2 index=0 injected=wally178-instance-000002fb layer=virtual node=wally178 target=wally178-instance-000002fb|mem_leak_vod vm=instance-000002fb,1.522628608e+10,1.7179869184e+10,1.7179869184e+10,55.36114684239662,40.99996613402797,3.9999969960022557,0,55.99080888475834,5.340306870617421e+06,39.99037035880797,2.097152e+06,2.097152e+06,2.047976e+06,96.1790567858217,1.969724e+06,1.88174236604951e+07,0,0,15230.1571140032,457739.7355793229,6837.2307368606525,1.8359688035007086e+07,8392.929247722686
2019-11-05 21:53:34.909009427,RCA=wally178-instance-000002fb anomaly=mem_leak_vod component=wally178-instance-000002fb group=backend host=vod-video-2 index=0 injected=wally178-instance-000002fb layer=virtual node=wally178 target=wally178-instance-000002fb|mem_leak_vod vm=instance-000002fb,1.522628608e+10,1.7179869184e+10,1.7179869184e+10,53.9359344506337,38.02130095225535,4.002242346992396,0,48.99315830141584,4.455824665775855e+06,38.714234950388175,2.097152e+06,2.097152e+06,2.047976e+06,96.1790567858217,1.969724e+06,1.7553199328815583e+07,0,0,14519.898218028622,431081.7937910723,6503.415130822289,1.712248103700418e+07,8016.486215299136
2019-11-05 21:53:35.409066263,RCA=wally178-instance-000002fb anomaly=mem_leak_vod component=wally178-instance-000002fb group=backend host=vod-video-2 index=0 injected=wally178-instance-000002fb layer=virtual node=wally178 target=wally178-instance-000002fb|mem_leak_vod vm=instance-000002fb,1.522628608e+10,1.7179869184e+10,1.7179869184e+10,51.086271745708245,27.968033376891217,2.996574911879147,0,38.99415750538097,3.9725240101678027e+06,35.96153845135704,2.097152e+06,2.097152e+06,2.047976e+06,96.1790567858217,1.969724e+06,1.7275284409853593e+07,0,0,13700.158262387184,399986.2774786529,5976.4709951159675,1.6875286895055015e+07,7723.684484681278
2019-11-05 21:53:35.909123977,RCA=wally178-instance-000002fb anomaly=mem_leak_vod component=wally178-instance-000002fb group=backend host=vod-video-2 index=0 injected=wally178-instance-000002fb layer=virtual node=wally178 target=wally178-instance-000002fb|mem_leak_vod vm=instance-000002fb,1.5226404864e+10,1.7179869184e+10,1.7179869184e+10,53.11071791530534,29.931864152059497,2.993186322627915,0,45.993016098484496,4.779308202448589e+06,36.907826210283304,2.097152e+06,2.097152e+06,2.047976e+06,96.1790567858217,1.969724e+06,1.753737603969906e+07,0,0,13920.94139292451,406800.2855603274,6029.382434355089,1.7130575783036627e+07,7891.559275273627
2019-11-05 21:53:36.409190324,RCA=wally178-instance-000002fb anomaly=mem_leak_vod component=wally178-instance-000002fb group=backend host=vod-video-2 index=0 injected=wally178-instance-000002fb layer=virtual node=wally178 target=wally178-instance-000002fb|mem_leak_vod vm=instance-000002fb,1.5226404864e+10,1.7179869184e+10,1.7179869184e+10,52.96977194987594,31.301245612623447,3.3299196684052146,0,41.99398209438994,4.4148567108092075e+06,37.95443240186594,2.097152e+06,2.097152e+06,2.047976e+06,96.1790567858217,1.969724e+06,1.750118317934807e+07,0,0,14073.085857109056,412960.99949182244,6156.600894690939,1.7088222455168087e+07,7916.484820327516
2019-11-05 21:53:36.909259667,RCA=wally178-instance-000002fb anomaly=mem_leak_vod component=wally178-instance-000002fb group=backend host=vod-video-2 index=0 injected=wally178-instance-000002fb layer=virtual node=wally178 target=wally178-instance-000002fb|mem_leak_vod vm=instance-000002fb,1.5226404864e+10,1.7179869184e+10,1.7179869184e+10,54.66549052699069,36.021816469057214,4.669494434671397,0,28.995832863879965,3.706346156431359e+06,38.700466441442,2.097152e+06,2.097152e+06,2.047976e+06,96.1790567858217,1.969724e+06,1.8254067116894245e+07,0,0,14542.610618227158,436787.4971321751,6485.462513944037,1.7817283717966568e+07,8057.148447997534
2019-11-05 21:53:37.409340136,RCA=wally178-instance-000002fb anomaly=mem_leak_vod component=wally178-instance-000002fb group=backend host=vod-video-2 index=0 injected=wally178-instance-000002fb layer=virtual node=wally178 target=wally178-instance-000002fb|mem_leak_vod vm=instance-000002fb,1.5226404864e+10,1.7179869184e+10,1.7179869184e+10,54.430672231014974,33.918886815016094,4.988071854180655,0,29.99534970095446,3.677637587377285e+06,37.99652430593564,2.097152e+06,2.097152e+06,2.047976e+06,96.1790567858217,1.969724e+06,1.9222876195260383e+07,0,0,14677.431764619727,437115.3423960604,6492.9568786576065,1.8785759569953408e+07,8184.474869918283
2019-11-05 21:53:37.909464222,RCA=wally178-instance-000002fb anomaly=mem_leak_vod component=wally178-instance-000002fb group=backend host=vod-video-2 index=0 injected=wally178-instance-000002fb layer=virtual node=wally178 target=wally178-instance-000002fb|mem_leak_vod vm=instance-000002fb,1.5226404864e+10,1.7179869184e+10,1.7179869184e+10,50.11163564266804,30.687858023815007,4.6698912234431935,0,24.995890150745524,3.022350200787829e+06,32.94547974455349,2.097152e+06,2.097152e+06,2.047976e+06,96.1790567858217,1.969724e+06,1.7073964717249822e+07,0,0,13184.463753793798,377665.1761109277,5694.964529274028,1.6696302184692565e+07,7489.50069538109
2019-11-05 21:53:38.409520484,RCA=wally178-instance-000002fb anomaly=mem_leak_vod component=wally178-instance-000002fb group=backend host=vod-video-2 index=0 injected=wally178-instance-000002fb layer=virtual node=wally178 target=wally178-instance-000002fb|mem_leak_vod vm=instance-000002fb,1.5226404864e+10,1.7179869184e+10,1.7179869184e+10,33.931330703944376,19.341101596531107,3.3346727757934165,0,12.998040740329005,1.703678185787501e+06,24.705075845724622,2.097152e+06,2.097152e+06,2.047976e+06,96.1790567858217,1.969724e+06,1.2228732648689285e+07,0,0,9172.79565364752,267397.23130768246,3999.715032978114,1.196133520319788e+07,5173.08037278494
2019-11-05 21:53:38.90954646,RCA=wally178-instance-000002fb anomaly=mem_leak_vod component=wally178-instance-000002fb group=backend host=vod-video-2 index=0 injected=wally178-instance-000002fb layer=virtual node=wally178 target=wally178-instance-000002fb|mem_leak_vod vm=instance-000002fb,1.522651136e+10,1.7179869184e+10,1.7179869184e+10,41.84267648059169,24.979536563810633,3.9967260498824304,0,53.99401886655408,5.135817812036948e+06,30.030838968845497,2.097152e+06,2.097152e+06,2.047976e+06,95.83862310886457,1.962752e+06,1.8678911743762985e+07,0,0,11588.965354002143,340934.06108268496,5064.069515907622,1.833798062904278e+07,6524.898592975817
2019-11-05 21:53:39.409604273,RCA=wally178-instance-000002fb anomaly=mem_leak_vod component=wally178-instance-000002fb group=backend host=vod-video-2 index=0 injected=wally178-instance-000002fb layer=virtual node=wally178 target=wally178-instance-000002fb|mem_leak_vod vm=instance-000002fb,1.522651136e+10,1.7179869184e+10,1.7179869184e+10,69.22851747398121,42.9575067779553,4.995058897728485,0,192.9820322149086,9.677952431315864e+06,48.8650475413333,2.097152e+06,2.097152e+06,2.047976e+06,95.83862310886457,1.962752e+06,2.8615518689650666e+07,0,0,18268.386467152675,531479.3117695183,7949.037606740021,2.80840376228991e+07,10319.35042119985
2019-11-05 21:53:39.909668809,RCA=wally178-instance-000002fb anomaly=mem_leak_vod component=wally178-instance-000002fb group=backend host=vod-video-2 index=0 injected=wally178-instance-000002fb layer=virtual node=wally178 target=wally178-instance-000002fb|mem_leak_vod vm=instance-000002fb,1.522651136e+10,1.7179869184e+10,1.7179869184e+10,64.62452500392186,41.97964572098929,5.330748478273045,0,211.97316038237872,7.478349091438042e+06,42.881394992810314,2.097152e+06,2.097152e+06,2.047976e+06,95.83862310886457,1.962752e+06,2.535943463403404e+07,0,0,17085.53026900699,501914.28063878434,7458.699284445944,2.485752597302717e+07,9626.834462067474
2019-11-05 21:53:40.409749151,RCA=wally178-instance-000002fb anomaly=mem_leak_vod component=wally178-instance-000002fb group=backend host=vod-video-2 index=0 injected=wally178-instance-000002fb layer=virtual node=wally178 target=wally178-instance-000002fb|mem_leak_vod vm=instance-000002fb,1.522651136e+10,1.7179869184e+10,1.7179869184e+10,58.66482004193496,38.03881536510117,5.338781214321362,0,122.98084438069841,5.115106263372483e+06,41.96097914274383,2.097152e+06,2.097152e+06,2.047976e+06,95.83862310886457,1.962752e+06,2.005147349226701e+07,0,0,15002.487355813098,437320.3888309847,6527.259120050809,1.9614147844521254e+07,8475.225107184104
2019-11-05 21:53:40.909798052,RCA=wally178-instance-000002fb anomaly=mem_leak_vod component=wally178-instance-000002fb group=backend host=vod-video-2 index=0 injected=wally178-instance-000002fb layer=virtual node=wally178 target=wally178-instance-000002fb|mem_leak_vod vm=instance-000002fb,1.522651136e+10,1.7179869184e+10,1.7179869184e+10,58.89166213946706,36.88797036411876,5.365523070011777,0,89.987056801672,4.533619707330129e+06,44.0533689236852,2.097152e+06,2.097152e+06,2.047976e+06,95.83862310886457,1.962752e+06,2.187128973936196e+07,0,0,15397.620122777707,455505.2945161197,6768.899248904134,2.1415792556039102e+07,8628.723588823408
